16526	 334	19
16528	 334	19
16530	 335	19
16532	 334	19
16534	 335	19
16536	 333	19
16539	 334	19
16541	 334	19
16543	 334	19
16545	 333	19
16547	 335	19
16550	 333	19
16552	 334	19
16554	 333	19
16556	 334	19
16558	 334	19
16561	 335	19
16563	 335	19
16565	 334	19
16567	 333	19
16569	 335	19
16572	 334	19
16574	 335	19
16576	 335	19
16578	 335	19
16580	 335	19
16583	 333	19
16585	 334	19
16587	 335	19
16589	 335	19
16591	 334	19
16593	 334	19
16596	 335	19
16598	 334	19
16600	 335	19
16602	 333	19
16604	 334	19
16607	 334	19
16609	 333	19
16611	 334	19
16613	 334	19
16615	 334	19
16618	 334	19
16620	 334	19
16622	 333	19
16624	 334	19
16626	 334	19
16629	 333	19
16631	 333	19
16633	 334	19
16635	 335	19
16637	 333	19
16640	 334	19
16642	 334	19
16644	 334	19
16646	 334	19
16648	 334	19
16650	 334	19
16653	 334	19
16655	 334	19
16657	 333	19
16659	 333	19
16661	 334	19
16664	 334	19
16666	 334	19
16668	 333	19
16670	 333	19
16672	 334	19
16675	 334	19
16677	 334	19
16679	 333	19
16681	 334	19
16683	 333	19
16686	 333	19
16688	 334	19
16690	 333	19
16692	 334	19
16694	 334	19
16697	 335	19
16699	 334	19
16701	 334	19
16703	 333	19
16705	 334	19
16707	 334	19
16710	 333	19
16712	 335	19
16714	 334	19
16716	 334	19
16718	 333	19
16721	 334	19
16723	 334	19
16725	 333	19
16727	 333	19
16729	 334	19
16732	 335	19
16734	 333	19
16736	 335	19
16738	 333	19
16740	 334	19
16743	 334	19
16745	 333	19
16747	 334	19
16749	 333	19
16751	 334	19
16754	 334	19
16756	 334	19
16758	 334	19
16760	 334	19
16762	 334	19
16764	 334	19
16767	 336	19
16769	 334	19
16771	 334	19
16773	 333	19
16775	 334	19
16778	 333	19
16780	 333	19
16782	 334	19
16784	 333	19
16786	 334	19
16789	 334	19
16791	 334	19
16793	 335	19
16795	 333	19
16797	 334	19
16800	 333	19
16802	 333	19
16804	 334	19
16806	 334	19
16808	 334	19
16811	 334	19
16813	 334	19
16815	 333	19
16817	 335	19
16819	 333	19
16821	 334	19
16824	 334	19
16826	 335	19
16828	 335	19
16830	 334	19
16832	 334	19
16835	 333	19
16837	 335	19
16839	 334	19
16841	 334	19
16843	 334	19
16846	 334	19
16848	 334	19
16850	 334	19
16852	 333	19
16854	 334	19
16857	 334	19
16859	 333	19
16861	 335	19
16863	 333	19
16865	 334	19
16868	 334	19
16870	 334	19
16872	 334	19
16874	 334	19
16876	 334	19
16878	 334	19
16881	 335	19
16883	 334	19
16885	 334	19
16887	 334	19
16889	 334	19
16892	 334	19
16894	 333	19
16896	 333	19
16898	 333	19
16900	 334	19
16903	 333	19
16905	 332	18
16907	 334	19
16909	 334	19
16911	 333	19
16914	 333	19
16916	 334	19
16918	 335	19
16920	 334	19
16922	 333	19
16925	 335	19
16927	 333	19
16929	 334	19
16931	 334	19
16933	 334	19
16935	 333	19
16938	 333	19
16940	 333	19
16942	 334	19
16944	 334	19
16946	 335	19
16949	 333	19
16951	 333	19
16953	 334	19
16955	 334	19
16957	 333	19
16960	 335	19
16962	 333	19
16964	 333	19
16966	 334	19
16968	 335	19
16971	 334	19
16973	 334	19
16975	 333	19
16977	 334	19
16979	 334	19
16982	 334	19
16984	 333	19
16986	 334	19
16988	 334	19
16990	 334	19
16992	 335	19
16995	 334	19
16997	 334	19
16999	 334	19
17001	 335	19
17003	 334	19
17006	 334	19
17008	 334	19
17010	 334	19
17012	 334	19
17014	 333	19
17017	 333	19
17019	 333	19
17021	 333	19
17023	 333	19
17025	 333	19
17028	 334	19
17030	 334	19
17032	 333	19
17034	 335	19
17036	 347	21
17039	 349	21
17041	 346	20
17043	 350	21
17045	 347	21
17047	 350	21
17049	 355	22
17052	 347	21
17054	 352	21
17056	 345	20
17058	 346	20
17060	 352	21
17063	 347	21
17065	 347	21
17067	 347	21
17069	 347	21
17071	 353	21
17074	 361	23
17076	 365	23
17078	 359	22
17080	 371	24
17082	 350	21
17085	 355	22
17087	 358	22
17089	 354	22
17091	 373	24
17093	 369	24
17096	 370	24
17098	 353	21
17100	 347	21
17102	 367	23
17104	 357	22
17106	 351	21
17109	 360	22
17111	 347	21
17113	 361	23
17115	 348	21
17117	 333	19
17120	 341	20
17122	 340	20
17124	 332	18
17126	 332	18
17128	 355	22
17131	 414	30
17133	 379	25
17135	 377	25
17137	 438	34
17139	 441	34
17142	 453	36
17144	 430	32
17146	 402	28
17148	 394	27
17150	 409	29
17153	 425	32
17155	 393	27
17157	 394	27
17159	 351	21
17161	 321	17
17164	 324	17
17166	 332	18
17168	 338	19
17170	 327	18
17172	 338	19
17174	 322	17
17177	 330	18
17179	 332	18
17181	 343	20
17183	 335	19
17185	 339	19
17188	 333	19
17190	 323	17
17192	 325	17
17194	 332	18
17196	 321	17
17199	 320	17
17201	 318	16
17203	 343	20
17205	 359	22
17207	 350	21
17210	 348	21
17212	 362	23
17214	 315	16
17216	 328	18
17218	 334	19
17221	 341	20
17223	 337	19
17225	 355	22
17227	 367	23
17229	 372	24
17231	 451	35
17234	 345	20
17236	 419	31
17238	 407	29
17240	 369	24
17242	 327	18
17245	 317	16
17247	 321	17
17249	 334	19
17251	 343	20
17253	 311	15
17256	 290	12
17258	 302	14
17260	 305	15
17262	 286	12
17264	 267	9
17266	 281	11
17269	 321	17
17271	 280	11
17273	 288	12
17275	 309	15
17277	 281	11
17280	 280	11
17282	 271	10
17284	 289	12
17286	 293	13
17288	 283	11
17291	 259	8
17293	 251	7
17295	 282	11
17297	 273	10
17299	 288	12
17301	 277	11
17304	 252	7
17306	 257	8
17308	 253	7
17310	 240	5
17312	 243	6
17314	 243	6
17316	 241	5
17318	 237	5
17320	 239	5
17322	 243	6
17325	 247	6
17327	 251	7
17329	 271	10
17331	 241	5
17333	 235	5
17335	 237	5
17337	 247	6
17339	 247	6
17341	 244	6
17343	 251	7
17346	 274	10
17348	 267	9
17350	 259	8
17352	 261	8
17354	 261	8
17356	 248	6
17358	 221	3
17360	 241	5
17362	 233	4
17365	 235	5
17367	 245	6
17369	 235	5
17371	 217	2
17373	 206	0
17375	 207	1
17377	 221	3
17379	 212	1
17381	 211	1
17383	 212	1
17385	 223	3
17388	 215	2
17390	 231	4
17392	 213	1
17394	 206	0
17396	 203	0
17398	 201	0
17400	 202	0
17402	 216	2
17404	 204	0
17406	 204	0
17409	 204	0
17411	 205	0
17413	 209	1
17415	 211	1
17417	 203	0
17419	 202	0
17421	 200	0
17423	 208	1
17425	 214	2
17427	 206	0
17430	 206	0
17432	 206	0
17434	 200	0
17436	 208	1
17438	 209	1
17440	 205	0
17442	 201	0
17444	 207	1
17446	 208	1
17448	 208	1
17450	 203	0
17453	 203	0
17455	 202	0
17457	 200	0
17459	 195	0
17461	 200	0
17463	 202	0
17465	 202	0
17467	 200	0
17469	 200	0
17471	 197	0
17474	 200	0
17476	 199	0
17478	 209	1
17480	 205	0
17482	 207	1
17484	 207	1
17486	 215	2
17488	 208	1
17490	 204	0
17492	 204	0
17494	 202	0
17497	 202	0
17499	 199	0
17501	 202	0
17503	 202	0
17505	 201	0
17507	 202	0
17509	 201	0
17511	 201	0
17513	 203	0
17515	 200	0
17518	 201	0
17520	 200	0
17522	 198	0
17524	 198	0
17526	 197	0
17528	 198	0
17530	 199	0
17532	 209	1
17534	 219	2
17536	 221	3
17539	 221	3
17541	 218	2
17543	 206	0
17545	 203	0
17547	 202	0
17549	 200	0
17551	 200	0
17553	 201	0
17555	 200	0
17557	 202	0
17559	 199	0
17562	 200	0
17564	 200	0
17566	 200	0
17568	 198	0
17570	 199	0
17572	 197	0
17574	 199	0
17576	 198	0
17578	 198	0
17580	 204	0
17583	 218	2
17585	 229	4
17587	 213	1
17589	 220	2
17591	 205	0
17593	 194	0
17595	 191	-1
17597	 192	-1
17599	 188	-1
17602	 191	-1
17604	 198	0
17606	 194	0
17608	 203	0
17610	 212	1
17612	 203	0
17614	 213	1
17616	 219	2
17619	 213	1
17621	 225	3
17623	 214	2
17625	 219	2
17627	 216	2
17629	 211	1
17631	 206	0
17633	 206	0
17635	 204	0
17637	 205	0
17639	 204	0
17642	 204	0
17644	 203	0
17646	 201	0
17648	 206	0
17650	 206	0
17652	 206	0
17654	 212	1
17656	 210	1
17658	 211	1
17660	 203	0
17663	 206	0
17665	 200	0
17667	 200	0
17669	 213	1
17671	 202	0
17673	 191	-1
17675	 196	0
17677	 210	1
17679	 210	1
17681	 212	1
17684	 203	0
17686	 205	0
17688	 205	0
17690	 206	0
17692	 215	2
17694	 225	3
17696	 224	3
17698	 239	5
17700	 241	5
17702	 240	5
17704	 236	5
17707	 231	4
17709	 227	3
17711	 222	3
17713	 220	2
17715	 232	4
17717	 222	3
17719	 219	2
17721	 227	3
17723	 243	6
17725	 236	5
17727	 238	5
17730	 235	5
17732	 241	5
17734	 245	6
17736	 238	5
17738	 235	5
17740	 247	6
17742	 258	8
17744	 250	7
17746	 262	8
17748	 252	7
17750	 253	7
17753	 243	6
17755	 247	6
17757	 234	4
17759	 235	5
17761	 231	4
17763	 234	4
17765	 239	5
17767	 241	5
17769	 249	7
17771	 239	5
17773	 246	6
17776	 243	6
17778	 244	6
17780	 262	8
17782	 256	8
17784	 239	5
17786	 242	6
17788	 277	11
17790	 278	11
17793	 263	9
17795	 268	9
17797	 269	9
17799	 263	9
17801	 245	6
17803	 243	6
17805	 244	6
17807	 252	7
17809	 255	7
17811	 257	8
17813	 258	8
17816	 266	9
17818	 264	9
17820	 258	8
17822	 251	7
17824	 255	7
17826	 258	8
17828	 267	9
17830	 276	10
17832	 290	12
17835	 283	11
17837	 265	9
17839	 266	9
17841	 281	11
17843	 278	11
17845	 287	12
17848	 292	13
17850	 295	13
17852	 293	13
17854	 277	11
17856	 279	11
17859	 289	12
17861	 284	12
17863	 279	11
17865	 279	11
17867	 278	11
17869	 279	11
17872	 287	12
17874	 289	12
17876	 289	12
17878	 282	11
17880	 284	12
17883	 286	12
17885	 304	14
17887	 304	14
17889	 334	19
17891	 329	18
17893	 318	16
17896	 322	17
17898	 315	16
17900	 320	17
17902	 331	18
17904	 309	15
17907	 314	16
17909	 311	15
17911	 338	19
17913	 346	20
17915	 341	20
17918	 337	19
17920	 332	18
17922	 336	19
17924	 328	18
17926	 313	16
17928	 323	17
17931	 340	20
17933	 337	19
17935	 336	19
17937	 356	22
17939	 347	21
17942	 343	20
17944	 342	20
17946	 351	21
17948	 363	23
17950	 339	19
17953	 347	21
17955	 351	21
17957	 371	24
17959	 370	24
17961	 379	25
17963	 366	23
17966	 357	22
17968	 348	21
17970	 344	20
17972	 367	23
17974	 354	22
17977	 350	21
17979	 370	24
17981	 370	24
17983	 357	22
17985	 349	21
17988	 353	21
17990	 355	22
17992	 367	23
17994	 380	25
17996	 396	28
17998	 351	21
18001	 358	22
18003	 369	24
18005	 384	26
18007	 417	31
18009	 437	33
18012	 430	32
18014	 417	31
18016	 420	31
18018	 474	39
18020	 418	31
18023	 428	32
18025	 380	25
18027	 377	25
18029	 379	25
18031	 377	25
18033	 393	27
18036	 378	25
18038	 369	24
18040	 370	24
18042	 367	23
18044	 381	25
18047	 403	29
18049	 392	27
18051	 417	31
18053	 390	27
18055	 396	28
18058	 409	29
18060	 404	29
18062	 441	34
18064	 438	34
18066	 431	33
18068	 413	30
18071	 424	32
18073	 414	30
18075	 467	38
18077	 438	34
18079	 481	40
18082	 530	47
18084	 535	47
18086	 449	35
18088	 454	36
18090	 411	30
18093	 405	29
18095	 421	31
18097	 408	29
18099	 446	35
18101	 471	38
18103	 476	39
18106	 508	44
18108	 484	40
18110	 432	33
18112	 442	34
18114	 445	35
18117	 478	39
18119	 462	37
18121	 435	33
18123	 440	34
18125	 452	36
18128	 465	37
18130	 466	38
18132	 452	36
18134	 446	35
18136	 461	37
18138	 463	37
18141	 451	35
18143	 475	39
18145	 453	36
18147	 506	43
18149	 455	36
18152	 450	35
18154	 454	36
18156	 475	39
18158	 518	45
18160	 468	38
18163	 440	34
18165	 504	43
18167	 521	45
18169	 491	41
18171	 459	37
18173	 462	37
18176	 467	38
18178	 468	38
18180	 477	39
18182	 487	41
18184	 484	40
18187	 487	41
18189	 443	34
18191	 434	33
18193	 436	33
18195	 439	34
18198	 443	34
18200	 447	35
18202	 456	36
18204	 458	36
18206	 455	36
18208	 456	36
18211	 455	36
18213	 457	36
18215	 467	38
18217	 463	37
18219	 467	38
18222	 484	40
18224	 462	37
18226	 454	36
18228	 454	36
18230	 463	37
18233	 479	39
18235	 490	41
18237	 483	40
18239	 505	43
18241	 568	52
18243	 566	52
18246	 586	55
18248	 568	52
18250	 565	52
18252	 559	51
18254	 514	44
18257	 517	45
18259	 512	44
18261	 487	41
18263	 489	41
18265	 495	42
18268	 512	44
18270	 510	44
18272	 498	42
18274	 473	39
18276	 476	39
18278	 498	42
18281	 481	40
18283	 515	45
18285	 487	41
18287	 514	44
18289	 519	45
18292	 526	46
18294	 518	45
18296	 524	46
18298	 533	47
18300	 527	46
18303	 531	47
18305	 567	52
18307	 521	45
18309	 531	47
18311	 515	45
18313	 506	43
18316	 506	43
18318	 507	43
18320	 533	47
18322	 562	51
18324	 531	47
18327	 522	46
18329	 523	46
18331	 519	45
18333	 545	49
18335	 535	47
18338	 542	48
18340	 521	45
18342	 518	45
18344	 518	45
18346	 519	45
18348	 529	47
18351	 551	50
18353	 548	49
18355	 573	53
18357	 557	51
18359	 557	51
18362	 552	50
18364	 585	55
18366	 558	51
18368	 553	50
18370	 572	53
18373	 562	51
18375	 556	50
18377	 555	50
18379	 557	51
18381	 561	51
18383	 555	50
18386	 579	54
18388	 541	48
18390	 545	49
18392	 542	48
18394	 550	50
18397	 527	46
18399	 535	47
18401	 566	52
18403	 565	52
18405	 591	55
18408	 569	52
18410	 586	55
18412	 574	53
18414	 574	53
18416	 560	51
18418	 565	52
18421	 581	54
18423	 571	53
18425	 568	52
18427	 573	53
18429	 557	51
18432	 556	50
18434	 583	54
18436	 587	55
18438	 606	58
18440	 581	54
18443	 572	53
18445	 579	54
18447	 583	54
18449	 609	58
18451	 588	55
18453	 582	54
18456	 593	56
18458	 595	56
18460	 637	62
18462	 619	59
18464	 602	57
18467	 594	56
18469	 597	56
18471	 579	54
18473	 585	55
18475	 578	54
18478	 567	52
18480	 576	53
18482	 576	53
18484	 587	55
18486	 574	53
18488	 596	56
18491	 607	58
18493	 600	57
18495	 608	58
18497	 614	59
18499	 615	59
18502	 626	60
18504	 603	57
18506	 619	59
18508	 616	59
18510	 611	58
18513	 589	55
18515	 605	57
18517	 617	59
18519	 591	55
18521	 589	55
18523	 593	56
18526	 619	59
18528	 638	62
18530	 614	59
18532	 629	61
18534	 621	60
18537	 609	58
18539	 610	58
18541	 606	58
18543	 611	58
18545	 623	60
18548	 630	61
18550	 633	61
18552	 626	60
18554	 621	60
18556	 611	58
18558	 618	59
18561	 614	59
18563	 617	59
18565	 648	64
18567	 632	61
18569	 645	63
18572	 650	64
18574	 664	66
18576	 672	67
18578	 644	63
18580	 650	64
18583	 620	60
18585	 639	62
18587	 641	63
18589	 629	61
18591	 640	62
18593	 673	67
18596	 675	67
18598	 635	62
18600	 625	60
18602	 621	60
18604	 627	61
18607	 631	61
18609	 672	67
18611	 699	71
18613	 699	71
18615	 698	71
18618	 692	70
18620	 711	73
18622	 699	71
18624	 679	68
18626	 675	67
18628	 669	67
18631	 703	71
18633	 649	64
18635	 686	69
18637	 700	71
18639	 713	73
18642	 705	72
18644	 671	67
18646	 679	68
18648	 690	70
18650	 678	68
18653	 658	65
18655	 663	66
18657	 665	66
18659	 680	68
18661	 674	67
18663	 676	68
18666	 692	70
18668	 696	70
18670	 702	71
18672	 717	73
18674	 731	75
18677	 694	70
18679	 702	71
18681	 694	70
18683	 710	72
18685	 691	70
18688	 720	74
18690	 719	74
18692	 705	72
18694	 715	73
18696	 735	76
18698	 746	78
18701	 719	74
18703	 707	72
18705	 712	73
18707	 711	73
18709	 714	73
18712	 727	75
18714	 718	74
18716	 710	72
18718	 717	73
18720	 715	73
18723	 715	73
18725	 707	72
18727	 701	71
18729	 712	73
18731	 709	72
18733	 707	72
18736	 704	72
18738	 710	72
18740	 721	74
18742	 728	75
18744	 766	80
18747	 771	81
18749	 791	84
18751	 763	80
18753	 747	78
18755	 731	75
18758	 709	72
18760	 742	77
18762	 721	74
18764	 714	73
18766	 721	74
18768	 759	79
18771	 725	75
18773	 738	76
18775	 715	73
18777	 711	73
18779	 727	75
18782	 739	77
18784	 737	76
18786	 746	78
18788	 746	78
18790	 759	79
18793	 753	79
18795	 767	81
18797	 777	82
18799	 742	77
18801	 767	81
18803	 757	79
18806	 756	79
18808	 774	82
18810	 767	81
18812	 771	81
18814	 755	79
18817	 767	81
18819	 773	81
18821	 774	82
18823	 756	79
18825	 747	78
18828	 751	78
18830	 749	78
18832	 762	80
18834	 753	79
18836	 775	82
18838	 776	82
18841	 773	81
18843	 779	82
18845	 784	83
18847	 795	85
18849	 786	83
18852	 779	82
18854	 779	82
18856	 777	82
18858	 796	85
18860	 776	82
18863	 785	83
18865	 798	85
18867	 783	83
18869	 775	82
18871	 775	82
18873	 765	80
18876	 778	82
18878	 776	82
18880	 795	85
18882	 789	84
18884	 809	87
18887	 805	86
18889	 797	85
18891	 816	88
18893	 820	88
18895	 797	85
18898	 799	85
18900	 793	84
18902	 781	83
18904	 787	83
18906	 795	85
18908	 790	84
18911	 790	84
18913	 798	85
18915	 791	84
18917	 803	86
18919	 798	85
18922	 790	84
18924	 789	84
18926	 789	84
18928	 796	85
18930	 787	83
18933	 801	85
18935	 789	84
18937	 794	84
18939	 793	84
18941	 791	84
18943	 803	86
18946	 805	86
18948	 800	85
18950	 807	86
18952	 806	86
18954	 806	86
18957	 826	89
18959	 825	89
18961	 811	87
18963	 818	88
18965	 802	86
18968	 810	87
18970	 811	87
18972	 866	95
18974	 815	87
18976	 814	87
18978	 832	90
18981	 821	88
18983	 837	91
18985	 838	91
18987	 833	90
18989	 838	91
18992	 842	91
18994	 834	90
18996	 832	90
18998	 834	90
19000	 829	89
19003	 857	93
19005	 841	91
19007	 837	91
19009	 861	94
19011	 851	93
19013	 850	92
19016	 824	89
19018	 832	90
19020	 825	89
19022	 822	88
19024	 825	89
19027	 840	91
19029	 847	92
19031	 843	91
19033	 842	91
19035	 843	91
19038	 837	91
19040	 834	90
19042	 841	91
19044	 837	91
19046	 835	90
19048	 833	90
19051	 831	90
19053	 832	90
19055	 838	91
19057	 838	91
19059	 846	92
19062	 845	92
19064	 848	92
19066	 857	93
19068	 859	94
19070	 867	95
19073	 875	96
19075	 854	93
19077	 855	93
19079	 842	91
19081	 846	92
19083	 851	93
19086	 849	92
19088	 856	93
19090	 857	93
19092	 865	95
19094	 857	93
19097	 858	94
19099	 866	95
19101	 868	95
19103	 859	94
19105	 859	94
19108	 859	94
19110	 857	93
19112	 867	95
19114	 851	93
19116	 859	94
19118	 859	94
19121	 863	94
19123	 858	94
19125	 861	94
19127	 864	94
19129	 865	95
19132	 873	96
19134	 874	96
19136	 868	95
19138	 871	95
19140	 866	95
19143	 866	95
19145	 869	95
19147	 869	95
19149	 863	94
19151	 865	95
19153	 867	95
19156	 866	95
19158	 864	94
19160	 861	94
19162	 869	95
19164	 871	95
19167	 871	95
19169	 868	95
19171	 879	97
19173	 882	97
19175	 892	98
19178	 899	99
19180	 892	98
19182	 907	101
19184	 883	97
19186	 876	96
19189	 883	97
19191	 873	96
19193	 878	96
19195	 885	97
19197	 875	96
19200	 884	97
19202	 882	97
19204	 879	97
19206	 874	96
19208	 874	96
19211	 874	96
19213	 874	96
19215	 871	95
19217	 875	96
19219	 869	95
19222	 870	95
19224	 867	95
19226	 867	95
19228	 864	94
19230	 866	95
19232	 865	95
19235	 865	95
19237	 863	94
19239	 864	94
19241	 865	95
19243	 864	94
19246	 865	95
19248	 863	94
19250	 864	94
19252	 863	94
19254	 864	94
19257	 864	94
19259	 864	94
19261	 864	94
19263	 864	94
19265	 864	94
19268	 863	94
19270	 864	94
19272	 865	95
19274	 863	94
19276	 863	94
19279	 863	94
19281	 863	94
19283	 863	94
19285	 861	94
19287	 864	94
19289	 865	95
19292	 866	95
19294	 866	95
19296	 869	95
19298	 871	95
19300	 872	96
19303	 870	95
19305	 874	96
19307	 873	96
19309	 876	96
19311	 877	96
19314	 877	96
19316	 878	96
19318	 874	96
19320	 873	96
19322	 873	96
19325	 876	96
19327	 877	96
19329	 890	98
19331	 875	96
19333	 871	95
19336	 871	95
19338	 871	95
19340	 869	95
19342	 874	96
19344	 887	98
19346	 877	96
19349	 891	98
19351	 879	97
19353	 899	99
19355	 911	101
19358	 903	100
19360	 902	100
19362	 880	97
19364	 893	99
19367	 878	96
19369	 874	96
19371	 869	95
19373	 871	95
19375	 869	95
19378	 869	95
19380	 862	94
19382	 861	94
19384	 863	94
19386	 867	95
19388	 878	96
19391	 869	95
19393	 867	95
19395	 859	94
19397	 874	96
19399	 857	93
19402	 859	94
19404	 860	94
19406	 857	93
19408	 845	92
19410	 846	92
19413	 848	92
19415	 850	92
19417	 854	93
19419	 851	93
19421	 848	92
19424	 850	92
19426	 845	92
19428	 854	93
19430	 850	92
19432	 847	92
19435	 846	92
19437	 843	91
19439	 843	91
19441	 841	91
19443	 839	91
19445	 839	91
19448	 832	90
19450	 830	90
19452	 835	90
19454	 835	90
19456	 837	91
19459	 842	91
19461	 834	90
19463	 839	91
19465	 835	90
19467	 828	89
19470	 828	89
19472	 823	89
19474	 827	89
19476	 830	90
19478	 817	88
19481	 816	88
19483	 818	88
19485	 827	89
19487	 813	87
19489	 815	87
19492	 826	89
19494	 822	88
19496	 823	89
19498	 819	88
19500	 823	89
19502	 822	88
19505	 817	88
19507	 807	86
19509	 809	87
19511	 813	87
19513	 805	86
19516	 801	85
19518	 818	88
19520	 784	83
19522	 786	83
19524	 787	83
19527	 789	84
19529	 787	83
19531	 787	83
19533	 795	85
19535	 785	83
19538	 803	86
19540	 793	84
19542	 795	85
19544	 790	84
19546	 796	85
19549	 796	85
19551	 789	84
19553	 793	84
19555	 787	83
19557	 787	83
19559	 806	86
19562	 814	87
19564	 815	87
19566	 800	85
19568	 802	86
19570	 789	84
19573	 786	83
19575	 781	83
19577	 777	82
19579	 791	84
19581	 805	86
19584	 802	86
19586	 803	86
19588	 795	85
19590	 778	82
19592	 783	83
19595	 791	84
19597	 780	82
19599	 777	82
19601	 767	81
19603	 764	80
19606	 790	84
19608	 803	86
19610	 790	84
19612	 779	82
19614	 786	83
19616	 778	82
19619	 781	83
19621	 781	83
19623	 767	81
19625	 781	83
19627	 767	81
19630	 771	81
19632	 765	80
19634	 755	79
19636	 758	79
19638	 757	79
19641	 746	78
19643	 745	77
19645	 754	79
19647	 746	78
19649	 749	78
19652	 743	77
19654	 757	79
19656	 767	81
19658	 775	82
19660	 757	79
19663	 787	83
19665	 758	79
19667	 750	78
19669	 750	78
19671	 747	78
19673	 757	79
19676	 747	78
19678	 741	77
19680	 740	77
19682	 746	78
19684	 757	79
19687	 745	77
19689	 759	79
19691	 750	78
19693	 749	78
19695	 762	80
19698	 758	79
19700	 753	79
19702	 725	75
19704	 731	75
19706	 730	75
19709	 738	76
19711	 720	74
19713	 735	76
19715	 719	74
19717	 720	74
19720	 724	74
19722	 719	74
19724	 723	74
19726	 726	75
19728	 731	75
19730	 737	76
19733	 749	78
19735	 746	78
19737	 759	79
19739	 783	83
19741	 783	83
19744	 775	82
19746	 759	79
19748	 739	77
19750	 741	77
19752	 730	75
19755	 734	76
19757	 727	75
19759	 722	74
19761	 731	75
19763	 711	73
19766	 707	72
19768	 707	72
19770	 708	72
19772	 707	72
19774	 715	73
19777	 737	76
19779	 710	72
19781	 709	72
19783	 700	71
19785	 710	72
19787	 697	71
19790	 707	72
19792	 701	71
19794	 698	71
19796	 691	70
19798	 692	70
19801	 706	72
19803	 710	72
19805	 701	71
19807	 691	70
19809	 683	69
19812	 686	69
19814	 683	69
19816	 691	70
19818	 683	69
19820	 675	67
19823	 675	67
19825	 677	68
19827	 691	70
19829	 712	73
19831	 706	72
19834	 702	71
19836	 695	70
19838	 679	68
19840	 702	71
19842	 691	70
19844	 703	71
19847	 691	70
19849	 707	72
19851	 696	70
19853	 674	67
19855	 662	66
19858	 664	66
19860	 667	66
19862	 679	68
19864	 679	68
19866	 651	64
19869	 659	65
19871	 639	62
19873	 645	63
19875	 647	63
19877	 664	66
19880	 661	65
19882	 666	66
19884	 658	65
19886	 669	67
19888	 672	67
19891	 678	68
19893	 677	68
19895	 670	67
19897	 666	66
19899	 657	65
19901	 665	66
19904	 663	66
19906	 655	65
19908	 652	64
19910	 659	65
19912	 650	64
19915	 638	62
19917	 634	62
19919	 643	63
19921	 651	64
19923	 661	65
19926	 673	67
19928	 683	69
19930	 659	65
19932	 648	64
19934	 659	65
19937	 654	64
19939	 646	63
19941	 643	63
19943	 635	62
19945	 635	62
19948	 628	61
19950	 625	60
19952	 621	60
19954	 618	59
19956	 614	59
19958	 628	61
19961	 628	61
19963	 628	61
19965	 616	59
19967	 611	58
19969	 613	59
19972	 609	58
19974	 615	59
19976	 605	57
19978	 611	58
19980	 614	59
19983	 614	59
19985	 611	58
19987	 615	59
19989	 609	58
19991	 624	60
19994	 623	60
19996	 640	62
19998	 639	62
20000	 629	61
20002	 640	62
20005	 643	63
20007	 639	62
20009	 637	62
20011	 635	62
20013	 635	62
20015	 638	62
20018	 643	63
20020	 649	64
20022	 638	62
20024	 625	60
20026	 625	60
20029	 618	59
20031	 623	60
20033	 615	59
20035	 618	59
20037	 615	59
20040	 614	59
20042	 615	59
20044	 611	58
20046	 611	58
20048	 614	59
20051	 611	58
20053	 611	58
20055	 616	59
20057	 611	58
20059	 627	61
20062	 621	60
20064	 610	58
20066	 617	59
20068	 613	59
20070	 622	60
20072	 624	60
20075	 617	59
20077	 635	62
20079	 630	61
20081	 611	58
20083	 614	59
20086	 631	61
20088	 643	63
20090	 647	63
20092	 644	63
20094	 603	57
20097	 599	57
20099	 596	56
20101	 605	57
20103	 609	58
20105	 603	57
20108	 609	58
20110	 595	56
20112	 605	57
20114	 605	57
20116	 577	53
20119	 587	55
20121	 575	53
20123	 566	52
20125	 562	51
20127	 559	51
20129	 562	51
20132	 561	51
20134	 565	52
20136	 566	52
20138	 565	52
20140	 568	52
20143	 573	53
20145	 579	54
20147	 570	52
20149	 567	52
20151	 583	54
20154	 567	52
20156	 571	53
20158	 571	53
20160	 566	52
20162	 567	52
20165	 568	52
20167	 578	54
20169	 596	56
20171	 576	53
20173	 561	51
20176	 559	51
20178	 550	50
20180	 565	52
20182	 564	52
20184	 576	53
20186	 555	50
20189	 561	51
20191	 549	49
20193	 539	48
20195	 541	48
20197	 542	48
20200	 553	50
20202	 562	51
20204	 547	49
20206	 556	50
20208	 555	50
20211	 554	50
20213	 549	49
20215	 546	49
20217	 539	48
20219	 544	49
20222	 544	49
20224	 544	49
20226	 538	48
20228	 547	49
20230	 554	50
20233	 523	46
20235	 553	50
20237	 534	47
20239	 534	47
20241	 527	46
20244	 535	47
20246	 547	49
20248	 539	48
20250	 546	49
20252	 571	53
20254	 576	53
20257	 585	55
20259	 581	54
20261	 570	52
20263	 558	51
20265	 578	54
20268	 533	47
20270	 533	47
20272	 514	44
20274	 510	44
20276	 518	45
20279	 511	44
20281	 520	45
20283	 531	47
20285	 524	46
20287	 555	50
20290	 528	46
20292	 513	44
20294	 503	43
20296	 526	46
20298	 516	45
20301	 510	44
20303	 523	46
20305	 506	43
20307	 494	42
20309	 506	43
20311	 498	42
20314	 497	42
20316	 495	42
20318	 505	43
20320	 502	43
20322	 505	43
20325	 489	41
20327	 478	39
20329	 481	40
20331	 492	41
20333	 513	44
20336	 506	43
20338	 500	42
20340	 506	43
20342	 507	43
20344	 542	48
20347	 499	42
20349	 501	43
20351	 478	39
20353	 501	43
20355	 499	42
20358	 488	41
20360	 482	40
20362	 464	37
20364	 469	38
20366	 465	37
20368	 455	36
20371	 463	37
20373	 455	36
20375	 456	36
20377	 464	37
20379	 462	37
20382	 464	37
20384	 514	44
20386	 477	39
20388	 454	36
20390	 459	37
20393	 463	37
20395	 479	39
20397	 460	37
20399	 454	36
20401	 465	37
20404	 467	38
20406	 478	39
20408	 462	37
20410	 450	35
20412	 463	37
20415	 465	37
20417	 465	37
20419	 454	36
20421	 421	31
20423	 416	30
20425	 431	33
20428	 459	37
20430	 474	39
20432	 477	39
20434	 471	38
20436	 446	35
20439	 446	35
20441	 443	34
20443	 490	41
20445	 528	46
20447	 497	42
20450	 484	40
20452	 485	40
20454	 436	33
20456	 441	34
20458	 454	36
20461	 409	29
20463	 401	28
20465	 373	24
20467	 365	23
20469	 369	24
20472	 391	27
20474	 409	29
20476	 405	29
20478	 427	32
20480	 423	31
20482	 418	31
20485	 431	33
20487	 426	32
20489	 428	32
20491	 465	37
20493	 414	30
20496	 401	28
20498	 378	25
20500	 373	24
20502	 365	23
20504	 413	30
20507	 414	30
20509	 397	28
20511	 390	27
20513	 381	25
20515	 379	25
20518	 384	26
20520	 382	26
20522	 421	31
20524	 465	37
20526	 451	35
20529	 450	35
20531	 415	30
20533	 421	31
20535	 410	30
20537	 410	30
20539	 395	27
20542	 424	32
20544	 423	31
20546	 386	26
20548	 381	25
20550	 389	27
20553	 398	28
20555	 385	26
20557	 396	28
20559	 376	25
20561	 350	21
20564	 353	21
20566	 358	22
20568	 353	21
20570	 345	20
20572	 352	21
20575	 339	19
20577	 369	24
20579	 356	22
20581	 351	21
20583	 354	22
20586	 347	21
20588	 359	22
20590	 370	24
20592	 370	24
20594	 370	24
20596	 352	21
20599	 357	22
20601	 348	21
20603	 346	20
20605	 351	21
20607	 335	19
20610	 331	18
20612	 348	21
20614	 370	24
20616	 367	23
20618	 363	23
20621	 420	31
20623	 468	38
20625	 465	37
20627	 436	33
20629	 389	27
20632	 397	28
20634	 372	24
20636	 407	29
20638	 381	25
20640	 331	18
20643	 321	17
20645	 328	18
20647	 328	18
20649	 331	18
20651	 320	17
20653	 337	19
20656	 316	16
20658	 327	18
20660	 326	18
20662	 331	18
20664	 340	20
20667	 330	18
20669	 323	17
20671	 323	17
20673	 318	16
20675	 316	16
20678	 322	17
20680	 319	17
20682	 323	17
20684	 328	18
20686	 330	18
20689	 348	21
20691	 365	23
20693	 305	15
20695	 322	17
20697	 325	17
20700	 335	19
20702	 334	19
20704	 363	23
20706	 349	21
20708	 367	23
20710	 352	21
20713	 396	28
20715	 377	25
20717	 375	25
20719	 389	27
20721	 337	19
20724	 317	16
20726	 345	20
20728	 330	18
20730	 331	18
20732	 316	16
20735	 301	14
20737	 289	12
20739	 305	15
20741	 289	12
20743	 275	10
20746	 281	11
20748	 299	14
20750	 278	11
20752	 292	13
20754	 314	16
20757	 281	11
20759	 280	11
20761	 277	11
20763	 290	12
20765	 274	10
20767	 277	11
20770	 278	11
20772	 251	7
20774	 265	9
20776	 296	13
20778	 279	11
20780	 263	9
20783	 257	8
20785	 264	9
20787	 253	7
20789	 253	7
20791	 240	5
20793	 243	6
20795	 239	5
20797	 245	6
20799	 241	5
20801	 240	5
20804	 251	7
20806	 257	8
20808	 253	7
20810	 240	5
20812	 241	5
20814	 233	4
20816	 239	5
20818	 237	5
20820	 244	6
20822	 241	5
20824	 251	7
20827	 251	7
20829	 277	11
20831	 261	8
20833	 249	7
20835	 249	7
20837	 241	5
20839	 229	4
20841	 241	5
20843	 245	6
20846	 237	5
20848	 237	5
20850	 225	3
20852	 219	2
20854	 213	1
20856	 203	0
20858	 208	1
20860	 222	3
20862	 205	0
20864	 260	8
20866	 231	4
20869	 214	2
20871	 204	0
20873	 213	1
20875	 206	0
20877	 200	0
20879	 209	1
20881	 205	0
20883	 208	1
20885	 208	1
20887	 206	0
20890	 202	0
20892	 200	0
20894	 206	0
20896	 198	0
20898	 198	0
20900	 200	0
20902	 197	0
20904	 197	0
20906	 202	0
20908	 204	0
20911	 201	0
20913	 198	0
20915	 199	0
20917	 197	0
20919	 196	0
20921	 200	0
20923	 204	0
20925	 197	0
20927	 201	0
20929	 200	0
20931	 198	0
20934	 195	0
20936	 196	0
20938	 196	0
20940	 192	-1
20942	 193	-1
20944	 194	0
20946	 198	0
20948	 193	-1
20951	 195	0
20953	 195	0
20955	 198	0
20957	 194	0
20959	 194	0
20961	 194	0
20963	 196	0
20965	 197	0
20967	 195	0
20969	 202	0
20971	 196	0
20974	 193	-1
20976	 195	0
20978	 197	0
20980	 197	0
20982	 200	0
20984	 200	0
20986	 200	0
20988	 197	0
20990	 200	0
20993	 200	0
20995	 200	0
20997	 200	0
20999	 200	0
21001	 199	0
21003	 201	0
21005	 197	0
21007	 192	-1
21009	 191	-1
21012	 191	-1
21014	 192	-1
21016	 194	0
21018	 187	-1
21020	 195	0
21022	 193	-1
21025	 196	0
21027	 197	0
21029	 194	0
21031	 196	0
21033	 195	0
21035	 195	0
21037	 195	0
21039	 195	0
21041	 194	0
21043	 194	0
21045	 194	0
21048	 194	0
21050	 193	-1
21052	 195	0
21054	 194	0
21056	 192	-1
21058	 192	-1
21060	 191	-1
21063	 192	-1
21065	 192	-1
21067	 200	0
21069	 215	2
21071	 220	2
21073	 212	1
21075	 230	4
21077	 202	0
21080	 217	2
21082	 200	0
21084	 196	0
21086	 196	0
21088	 192	-1
21090	 190	-1
21092	 186	-2
21095	 189	-1
21097	 191	-1
21099	 202	0
21101	 203	0
21103	 209	1
21105	 225	3
21107	 210	1
21109	 222	3
21111	 205	0
21114	 210	1
21116	 211	1
21118	 206	0
21120	 200	0
21122	 195	0
21124	 195	0
21126	 193	-1
21128	 193	-1
21130	 193	-1
21133	 193	-1
21135	 202	0
21137	 202	0
21139	 198	0
21141	 206	0
21143	 205	0
21145	 202	0
21147	 220	2
21150	 206	0
21152	 204	0
21154	 204	0
21156	 206	0
21158	 198	0
21160	 197	0
21162	 198	0
21164	 199	0
21166	 208	1
21168	 210	1
21170	 208	1
21173	 204	0
21175	 207	1
21177	 206	0
21179	 210	1
21181	 220	2
21183	 223	3
21185	 228	4
21187	 240	5
21189	 232	4
21191	 246	6
21193	 237	5
21196	 222	3
21198	 223	3
21200	 221	3
21202	 216	2
21204	 219	2
21206	 224	3
21208	 224	3
21210	 252	7
21212	 245	6
21214	 231	4
21216	 231	4
21219	 233	4
21221	 231	4
21223	 234	4
21225	 234	4
21227	 247	6
21229	 245	6
21231	 242	6
21233	 244	6
21235	 260	8
21237	 248	6
21240	 269	9
21242	 250	7
21244	 241	5
21246	 231	4
21248	 231	4
21250	 233	4
21252	 234	4
21254	 237	5
21256	 246	6
21258	 245	6
21260	 237	5
21263	 246	6
21265	 242	6
21267	 254	7
21269	 255	7
21271	 243	6
21273	 237	5
21275	 275	10
21277	 276	10
21279	 268	9
21282	 261	8
21284	 268	9
21286	 255	7
21288	 245	6
21290	 242	6
21292	 243	6
21294	 250	7
21296	 260	8
21298	 254	7
21300	 265	9
21303	 282	11
21305	 263	9
21307	 264	9
21309	 252	7
21311	 255	7
21313	 259	8
21315	 266	9
21317	 274	10
21319	 279	11
21322	 272	10
21324	 266	9
21326	 268	9
21328	 277	11
21330	 277	11
21332	 280	11
21335	 299	14
21337	 289	12
21339	 291	13
21341	 278	11
21343	 278	11
21346	 285	12
21348	 286	12
21350	 281	11
21352	 277	11
21354	 277	11
21356	 279	11
21359	 282	11
21361	 285	12
21363	 286	12
21365	 283	11
21367	 283	11
21370	 285	12
21372	 295	13
21374	 315	16
21376	 333	19
21378	 316	16
21380	 320	17
21383	 320	17
21385	 320	17
21387	 323	17
21389	 318	16
21391	 305	15
21394	 319	17
21396	 313	16
21398	 329	18
21400	 337	19
21402	 333	19
21405	 331	18
21407	 339	19
21409	 334	19
21411	 329	18
21413	 313	16
21415	 325	17
21418	 333	19
21420	 337	19
21422	 346	20
21424	 335	19
21426	 362	23
21429	 341	20
21431	 343	20
21433	 375	25
21435	 366	23
21437	 339	19
21440	 343	20
21442	 365	23
21444	 361	23
21446	 360	22
21448	 366	23
21450	 369	24
21453	 343	20
21455	 348	21
21457	 350	21
21459	 352	21
21461	 367	23
21464	 352	21
21466	 368	24
21468	 363	23
21470	 360	22
21472	 350	21
21475	 347	21
21477	 352	21
21479	 372	24
21481	 378	25
21483	 381	25
21485	 355	22
21488	 365	23
21490	 375	25
21492	 393	27
21494	 420	31
21496	 411	30
21499	 397	28
21501	 418	31
21503	 439	34
21505	 456	36
21507	 445	35
21510	 407	29
21512	 383	26
21514	 374	24
21516	 375	25
21518	 379	25
21520	 405	29
21523	 381	25
21525	 365	23
21527	 372	24
21529	 375	25
21531	 380	25
21534	 407	29
21536	 415	30
21538	 425	32
21540	 395	27
21542	 411	30
21545	 410	30
21547	 386	26
21549	 451	35
21551	 423	31
21553	 455	36
21555	 419	31
21558	 422	31
21560	 419	31
21562	 460	37
21564	 439	34
21566	 465	37
21569	 495	42
21571	 534	47
21573	 514	44
21575	 454	36
21577	 487	41
21580	 422	31
21582	 423	31
21584	 462	37
21586	 447	35
21588	 481	40
21590	 502	43
21593	 467	38
21595	 453	36
21597	 430	32
21599	 445	35
21601	 441	34
21604	 488	41
21606	 466	38
21608	 431	33
21610	 433	33
21612	 435	33
21615	 447	35
21617	 448	35
21619	 441	34
21621	 472	38
21623	 438	34
21625	 444	34
21628	 447	35
21630	 462	37
21632	 458	36
21634	 468	38
21636	 475	39
21639	 467	38
21641	 457	36
21643	 486	40
21645	 463	37
21647	 450	35
21650	 517	45
21652	 518	45
21654	 502	43
21656	 519	45
21658	 463	37
21660	 454	36
21663	 456	36
21665	 460	37
21667	 470	38
21669	 493	41
21671	 480	40
21674	 481	40
21676	 443	34
21678	 436	33
21680	 435	33
21682	 441	34
21685	 444	34
21687	 442	34
21689	 453	36
21691	 456	36
21693	 459	37
21695	 457	36
21698	 470	38
21700	 466	38
21702	 467	38
21704	 471	38
21706	 470	38
21709	 470	38
21711	 458	36
21713	 455	36
21715	 455	36
21717	 459	37
21720	 485	40
21722	 485	40
21724	 482	40
21726	 487	41
21728	 519	45
21730	 587	55
21733	 592	56
21735	 554	50
21737	 551	50
21739	 535	47
21741	 544	49
21744	 511	44
21746	 498	42
21748	 502	43
21750	 490	41
21752	 488	41
21755	 503	43
21757	 522	46
21759	 498	42
21761	 475	39
21763	 475	39
21765	 491	41
21768	 491	41
21770	 508	44
21772	 495	42
21774	 511	44
21776	 537	48
21779	 522	46
21781	 525	46
21783	 514	44
21785	 528	46
21787	 531	47
21790	 523	46
21792	 535	47
21794	 544	49
21796	 515	45
21798	 509	44
21800	 517	45
21803	 522	46
21805	 504	43
21807	 533	47
21809	 534	47
21811	 545	49
21814	 530	47
21816	 512	44
21818	 527	46
21820	 530	47
21822	 525	46
21825	 535	47
21827	 521	45
21829	 510	44
21831	 522	46
21833	 517	45
21835	 521	45
21838	 534	47
21840	 556	50
21842	 556	50
21844	 571	53
21846	 548	49
21849	 549	49
21851	 575	53
21853	 586	55
21855	 547	49
21857	 559	51
21860	 558	51
21862	 567	52
21864	 567	52
21866	 546	49
21868	 563	51
21870	 554	50
21873	 551	50
21875	 548	49
21877	 537	48
21879	 537	48
21881	 552	50
21884	 531	47
21886	 537	48
21888	 550	50
21890	 567	52
21892	 568	52
21895	 583	54
21897	 573	53
21899	 582	54
21901	 578	54
21903	 557	51
21905	 564	52
21908	 557	51
21910	 576	53
21912	 574	53
21914	 541	48
21916	 557	51
21919	 558	51
21921	 573	53
21923	 590	55
21925	 577	53
21927	 571	53
21930	 573	53
21932	 583	54
21934	 564	52
21936	 585	55
21938	 583	54
21940	 591	55
21943	 591	55
21945	 591	55
21947	 619	59
21949	 615	59
21951	 615	59
21954	 579	54
21956	 602	57
21958	 580	54
21960	 582	54
21962	 581	54
21965	 578	54
21967	 578	54
21969	 573	53
21971	 584	54
21973	 579	54
21975	 593	56
21978	 609	58
21980	 603	57
21982	 616	59
21984	 608	58
21986	 609	58
21989	 623	60
21991	 602	57
21993	 597	56
21995	 617	59
21997	 610	58
22000	 590	55
22002	 602	57
22004	 614	59
22006	 605	57
22008	 603	57
22010	 591	55
22013	 610	58
22015	 619	59
22017	 618	59
22019	 606	58
22021	 611	58
22024	 614	59
22026	 611	58
22028	 612	58
22030	 617	59
22032	 625	60
22035	 625	60
22037	 615	59
22039	 628	61
22041	 618	59
22043	 626	60
22045	 617	59
22048	 611	58
22050	 620	60
22052	 617	59
22054	 615	59
22056	 618	59
22059	 634	62
22061	 648	64
22063	 647	63
22065	 661	65
22067	 651	64
22070	 643	63
22072	 637	62
22074	 627	61
22076	 622	60
22078	 627	61
22080	 644	63
22083	 652	64
22085	 657	65
22087	 638	62
22089	 614	59
22091	 653	64
22094	 670	67
22096	 643	63
22098	 676	68
22100	 693	70
22102	 683	69
22105	 701	71
22107	 699	71
22109	 685	69
22111	 677	68
22113	 656	65
22115	 661	65
22118	 669	67
22120	 685	69
22122	 682	68
22124	 699	71
22126	 711	73
22129	 695	70
22131	 702	71
22133	 683	69
22135	 677	68
22137	 667	66
22140	 666	66
22142	 667	66
22144	 658	65
22146	 677	68
22148	 664	66
22150	 663	66
22153	 680	68
22155	 689	69
22157	 699	71
22159	 710	72
22161	 703	71
22164	 703	71
22166	 685	69
22168	 670	67
22170	 687	69
22172	 691	70
22175	 697	71
22177	 720	74
22179	 714	73
22181	 704	72
22183	 725	75
22185	 726	75
22188	 734	76
22190	 722	74
22192	 731	75
22194	 709	72
22196	 698	71
22199	 715	73
22201	 719	74
22203	 726	75
22205	 717	73
22207	 715	73
22210	 718	74
22212	 707	72
22214	 706	72
22216	 699	71
22218	 717	73
22220	 710	72
22223	 716	73
22225	 714	73
22227	 727	75
22229	 727	75
22231	 740	77
22234	 760	80
22236	 776	82
22238	 782	83
22240	 778	82
22242	 763	80
22245	 723	74
22247	 716	73
22249	 729	75
22251	 724	74
22253	 707	72
22255	 710	72
22258	 729	75
22260	 738	76
22262	 729	75
22264	 714	73
22266	 716	73
22269	 719	74
22271	 729	75
22273	 725	75
22275	 742	77
22277	 757	79
22280	 756	79
22282	 749	78
22284	 745	77
22286	 752	78
22288	 751	78
22290	 756	79
22293	 747	78
22295	 772	81
22297	 773	81
22299	 759	79
22301	 759	79
22304	 741	77
22306	 757	79
22308	 762	80
22310	 783	83
22312	 759	79
22315	 747	78
22317	 739	77
22319	 746	78
22321	 754	79
22323	 754	79
22325	 770	81
22328	 763	80
22330	 743	77
22332	 766	80
22334	 769	81
22336	 770	81
22339	 786	83
22341	 773	81
22343	 780	82
22345	 773	81
22347	 780	82
22350	 786	83
22352	 775	82
22354	 796	85
22356	 775	82
22358	 777	82
22360	 779	82
22363	 790	84
22365	 785	83
22367	 794	84
22369	 779	82
22371	 798	85
22374	 809	87
22376	 790	84
22378	 787	83
22380	 822	88
22382	 805	86
22385	 777	82
22387	 787	83
22389	 786	83
22391	 798	85
22393	 788	84
22395	 787	83
22398	 792	84
22400	 795	85
22402	 801	85
22404	 793	84
22406	 792	84
22409	 794	84
22411	 789	84
22413	 786	83
22415	 796	85
22417	 787	83
22420	 791	84
22422	 796	85
22424	 788	84
22426	 787	83
22428	 791	84
22430	 800	85
22433	 805	86
22435	 797	85
22437	 799	85
22439	 794	84
22441	 809	87
22444	 825	89
22446	 808	86
22448	 811	87
22450	 805	86
22452	 801	85
22455	 806	86
22457	 803	86
22459	 817	88
22461	 837	91
22463	 829	89
22465	 815	87
22468	 830	90
22470	 832	90
22472	 827	89
22474	 829	89
22476	 837	91
22479	 826	89
22481	 817	88
22483	 823	89
22485	 825	89
22487	 842	91
22490	 824	89
22492	 847	92
22494	 843	91
22496	 832	90
22498	 832	90
22500	 853	93
22503	 843	91
22505	 834	90
22507	 822	88
22509	 818	88
22511	 819	88
22514	 829	89
22516	 841	91
22518	 838	91
22520	 845	92
22522	 841	91
22525	 838	91
22527	 834	90
22529	 833	90
22531	 838	91
22533	 842	91
22535	 833	90
22538	 832	90
22540	 832	90
22542	 836	90
22544	 839	91
22546	 842	91
22549	 847	92
22551	 848	92
22553	 867	95
22555	 861	94
22557	 862	94
22560	 866	95
22562	 871	95
22564	 865	95
22566	 862	94
22568	 847	92
22570	 853	93
22573	 853	93
22575	 843	91
22577	 864	94
22579	 855	93
22581	 858	94
22584	 855	93
22586	 852	93
22588	 859	94
22590	 857	93
22592	 857	93
22595	 855	93
22597	 853	93
22599	 858	94
22601	 855	93
22603	 864	94
22605	 859	94
22608	 863	94
22610	 858	94
22612	 860	94
22614	 869	95
22616	 861	94
22619	 867	95
22621	 865	95
22623	 869	95
22625	 865	95
22627	 871	95
22630	 864	94
22632	 867	95
22634	 863	94
22636	 866	95
22638	 865	95
22640	 871	95
22643	 871	95
22645	 862	94
22647	 860	94
22649	 862	94
22651	 859	94
22654	 861	94
22656	 866	95
22658	 864	94
22660	 871	95
22662	 871	95
22665	 885	97
22667	 879	97
22669	 883	97
22671	 883	97
22673	 878	96
22675	 885	97
22678	 873	96
22680	 881	97
22682	 874	96
22684	 878	96
22686	 875	96
22689	 887	98
22691	 891	98
22693	 883	97
22695	 897	99
22697	 891	98
22700	 901	100
22702	 895	99
22704	 888	98
22706	 893	99
22708	 888	98
22711	 897	99
22713	 895	99
22715	 892	98
22717	 893	99
22719	 894	99
22722	 889	98
22724	 885	97
22726	 885	97
22728	 886	98
22730	 886	98
22733	 883	97
22735	 886	98
22737	 889	98
22739	 894	99
22741	 886	98
22744	 886	98
22746	 889	98
22748	 886	98
22750	 887	98
22752	 887	98
22754	 887	98
22757	 886	98
22759	 887	98
22761	 883	97
22763	 885	97
22765	 887	98
22768	 890	98
22770	 886	98
22772	 883	97
22774	 883	97
22776	 886	98
22779	 884	97
22781	 885	97
22783	 889	98
22785	 887	98
22787	 891	98
22790	 895	99
22792	 887	98
22794	 894	99
22796	 894	99
22798	 892	98
22801	 889	98
22803	 893	99
22805	 886	98
22807	 889	98
22809	 891	98
22812	 892	98
22814	 890	98
22816	 886	98
22818	 884	97
22820	 889	98
22823	 893	99
22825	 902	100
22827	 889	98
22829	 886	98
22831	 891	98
22834	 893	99
22836	 891	98
22838	 891	98
22840	 887	98
22842	 883	97
22845	 891	98
22847	 891	98
22849	 902	100
22851	 886	98
22853	 886	98
22856	 885	97
22858	 892	98
22860	 891	98
22862	 891	98
22864	 891	98
22867	 898	99
22869	 889	98
22871	 893	99
22873	 896	99
22875	 898	99
22878	 899	99
22880	 911	101
22882	 899	99
22884	 912	101
22887	 915	102
22889	 893	99
22891	 907	101
22893	 891	98
22896	 887	98
22898	 877	96
22900	 883	97
22902	 879	97
22904	 879	97
22907	 879	97
22909	 875	96
22911	 875	96
22913	 864	94
22915	 870	95
22918	 876	96
22920	 867	95
22922	 866	95
22924	 863	94
22926	 874	96
22928	 873	96
22931	 861	94
22933	 847	92
22935	 842	91
22937	 842	91
22939	 850	92
22942	 854	93
22944	 857	93
22946	 854	93
22948	 857	93
22950	 853	93
22953	 847	92
22955	 847	92
22957	 855	93
22959	 845	92
22961	 857	93
22964	 854	93
22966	 845	92
22968	 847	92
22970	 839	91
22972	 841	91
22975	 829	89
22977	 830	90
22979	 824	89
22981	 832	90
22983	 834	90
22985	 839	91
22988	 838	91
22990	 841	91
22992	 837	91
22994	 843	91
22996	 829	89
22999	 825	89
23001	 827	89
23003	 826	89
23005	 828	89
23007	 823	89
23010	 822	88
23012	 827	89
23014	 825	89
23016	 811	87
23018	 813	87
23021	 823	89
23023	 823	89
23025	 827	89
23027	 815	87
23029	 821	88
23032	 811	87
23034	 815	87
23036	 809	87
23038	 814	87
23040	 815	87
23042	 829	89
23045	 806	86
23047	 802	86
23049	 797	85
23051	 782	83
23053	 780	82
23056	 795	85
23058	 789	84
23060	 779	82
23062	 792	84
23064	 785	83
23067	 796	85
23069	 785	83
23071	 801	85
23073	 786	83
23075	 803	86
23078	 795	85
23080	 782	83
23082	 787	83
23084	 791	84
23086	 783	83
23089	 795	85
23091	 790	84
23093	 819	88
23095	 807	86
23097	 803	86
23099	 784	83
23102	 788	84
23104	 771	81
23106	 783	83
23108	 806	86
23110	 800	85
23113	 814	87
23115	 811	87
23117	 797	85
23119	 775	82
23121	 794	84
23124	 782	83
23126	 774	82
23128	 770	81
23130	 767	81
23132	 759	79
23135	 779	82
23137	 793	84
23139	 782	83
23141	 779	82
23143	 782	83
23146	 800	85
23148	 769	81
23150	 779	82
23152	 765	80
23154	 753	79
23156	 750	78
23159	 765	80
23161	 755	79
23163	 763	80
23165	 762	80
23167	 761	80
23170	 757	79
23172	 767	81
23174	 757	79
23176	 752	78
23178	 753	79
23181	 758	79
23183	 749	78
23185	 738	76
23187	 743	77
23189	 750	78
23192	 743	77
23194	 747	78
23196	 742	77
23198	 762	80
23200	 761	80
23203	 766	80
23205	 748	78
23207	 755	79
23209	 746	78
23211	 742	77
23213	 737	76
23216	 736	76
23218	 741	77
23220	 753	79
23222	 747	78
23224	 754	79
23227	 760	80
23229	 738	76
23231	 734	76
23233	 725	75
23235	 725	75
23238	 737	76
23240	 717	73
23242	 731	75
23244	 714	73
23246	 714	73
23249	 712	73
23251	 718	74
23253	 711	73
23255	 717	73
23257	 720	74
23260	 737	76
23262	 722	74
23264	 741	77
23266	 740	77
23268	 746	78
23270	 752	78
23273	 767	81
23275	 756	79
23277	 766	80
23279	 757	79
23281	 763	80
23284	 762	80
23286	 743	77
23288	 730	75
23290	 721	74
23292	 716	73
23295	 717	73
23297	 705	72
23299	 706	72
23301	 699	71
23303	 704	72
23306	 699	71
23308	 705	72
23310	 698	71
23312	 699	71
23314	 706	72
23317	 697	71
23319	 702	71
23321	 716	73
23323	 718	74
23325	 717	73
23327	 691	70
23330	 697	71
23332	 709	72
23334	 706	72
23336	 695	70
23338	 698	71
23341	 686	69
23343	 675	67
23345	 681	68
23347	 687	69
23349	 687	69
23352	 681	68
23354	 667	66
23356	 670	67
23358	 679	68
23360	 693	70
23363	 707	72
23365	 706	72
23367	 690	70
23369	 673	67
23371	 687	69
23374	 695	70
23376	 683	69
23378	 675	67
23380	 683	69
23382	 713	73
23384	 681	68
23387	 651	64
23389	 654	64
23391	 656	65
23393	 660	65
23395	 689	69
23398	 670	67
23400	 652	64
23402	 652	64
23404	 641	63
23406	 645	63
23409	 667	66
23411	 657	65
23413	 646	63
23415	 660	65
23417	 656	65
23420	 674	67
23422	 657	65
23424	 660	65
23426	 642	63
23428	 657	65
23431	 658	65
23433	 661	65
23435	 675	67
23437	 682	68
23439	 691	70
23441	 664	66
23444	 664	66
23446	 665	66
23448	 666	66
23450	 661	65
23452	 658	65
23455	 653	64
23457	 649	64
23459	 647	63
23461	 641	63
23463	 639	62
23466	 635	62
23468	 631	61
23470	 633	61
23472	 633	61
23474	 625	60
23477	 625	60
23479	 627	61
23481	 622	60
23483	 623	60
23485	 621	60
23488	 625	60
23490	 629	61
23492	 639	62
23494	 640	62
23496	 640	62
23499	 645	63
23501	 649	64
23503	 643	63
23505	 638	62
23507	 635	62
23509	 631	61
23512	 630	61
23514	 635	62
23516	 627	61
23518	 625	60
23520	 625	60
23523	 628	61
23525	 627	61
23527	 629	61
23529	 627	61
23531	 633	61
23534	 629	61
23536	 626	60
23538	 615	59
23540	 612	58
23542	 620	60
23545	 615	59
23547	 616	59
23549	 619	59
23551	 623	60
23553	 619	59
23555	 618	59
23558	 616	59
23560	 611	58
23562	 609	58
23564	 614	59
23566	 617	59
23569	 628	61
23571	 635	62
23573	 654	64
23575	 642	63
23577	 622	60
23580	 623	60
23582	 623	60
23584	 621	60
23586	 615	59
23588	 611	58
23591	 613	59
23593	 614	59
23595	 615	59
23597	 617	59
23599	 616	59
23602	 619	59
23604	 621	60
23606	 606	58
23608	 611	58
23610	 625	60
23612	 630	61
23615	 612	58
23617	 631	61
23619	 620	60
23621	 617	59
23623	 627	61
23626	 632	61
23628	 627	61
23630	 640	62
23632	 611	58
23634	 584	54
23637	 572	53
23639	 598	56
23641	 603	57
23643	 594	56
23645	 585	55
23648	 586	55
23650	 586	55
23652	 582	54
23654	 590	55
23656	 589	55
23659	 589	55
23661	 585	55
23663	 587	55
23665	 578	54
23667	 571	53
23669	 560	51
23672	 561	51
23674	 560	51
23676	 562	51
23678	 561	51
23680	 561	51
23683	 565	52
23685	 567	52
23687	 568	52
23689	 577	53
23691	 570	52
23694	 570	52
23696	 576	53
23698	 566	52
23700	 559	51
23702	 568	52
23705	 570	52
23707	 576	53
23709	 560	51
23711	 549	49
23713	 553	50
23716	 567	52
23718	 559	51
23720	 559	51
23722	 559	51
23724	 564	52
23726	 546	49
23729	 541	48
23731	 532	47
23733	 538	48
23735	 538	48
23737	 551	50
23740	 556	50
23742	 562	51
23744	 559	51
23746	 545	49
23748	 550	50
23751	 547	49
23753	 537	48
23755	 542	48
23757	 541	48
23759	 540	48
23762	 530	47
23764	 539	48
23766	 537	48
23768	 530	47
23770	 539	48
23773	 537	48
23775	 534	47
23777	 533	47
23779	 535	47
23781	 548	49
23783	 553	50
23786	 554	50
23788	 590	55
23790	 574	53
23792	 579	54
23794	 552	50
23797	 547	49
23799	 542	48
23801	 530	47
23803	 526	46
23805	 506	43
23808	 514	44
23810	 520	45
23812	 517	45
23814	 503	43
23816	 515	45
23819	 539	48
23821	 498	42
23823	 529	47
23825	 531	47
23827	 526	46
23830	 513	44
23832	 505	43
23834	 494	42
23836	 507	43
23838	 507	43
23840	 498	42
23843	 495	42
23845	 500	42
23847	 489	41
23849	 494	42
23851	 498	42
23854	 498	42
23856	 491	41
23858	 494	42
23860	 485	40
23862	 477	39
23865	 486	40
23867	 492	41
23869	 487	41
23871	 518	45
23873	 499	42
23876	 513	44
23878	 494	42
23880	 515	45
23882	 484	40
23884	 481	40
23887	 493	41
23889	 501	43
23891	 483	40
23893	 467	38
23895	 473	39
23897	 468	38
23900	 495	42
23902	 453	36
23904	 449	35
23906	 454	36
23908	 448	35
23911	 446	35
23913	 456	36
23915	 454	36
23917	 477	39
23919	 467	38
23922	 469	38
23924	 475	39
23926	 464	37
23928	 474	39
23930	 477	39
23933	 445	35
23935	 470	38
23937	 498	42
23939	 477	39
23941	 437	33
23944	 462	37
23946	 471	38
23948	 463	37
23950	 453	36
23952	 441	34
23954	 414	30
23957	 411	30
23959	 409	29
23961	 431	33
23963	 446	35
23965	 448	35
23968	 451	35
23970	 458	36
23972	 446	35
23974	 457	36
23976	 446	35
23979	 455	36
23981	 443	34
23983	 485	40
23985	 491	41
23987	 484	40
23990	 483	40
23992	 465	37
23994	 505	43
23996	 468	38
23998	 446	35
24001	 436	33
24003	 427	32
24005	 434	33
24007	 416	30
24009	 423	31
24011	 386	26
24014	 393	27
24016	 381	25
24018	 385	26
24020	 367	23
24022	 370	24
24025	 399	28
24027	 405	29
24029	 401	28
24031	 434	33
24033	 457	36
24036	 457	36
24038	 387	26
24040	 369	24
24042	 382	26
24044	 404	29
24047	 389	27
24049	 379	25
24051	 381	25
24053	 383	26
24055	 385	26
24058	 385	26
24060	 418	31
24062	 452	36
24064	 434	33
24066	 466	38
24068	 420	31
24071	 414	30
24073	 403	29
24075	 416	30
24077	 406	29
24079	 421	31
24082	 403	29
24084	 409	29
24086	 379	25
24088	 388	26
24090	 378	25
24093	 373	24
24095	 377	25
24097	 354	22
24099	 352	21
24101	 340	20
24104	 353	21
24106	 356	22
24108	 345	20
24110	 343	20
24112	 353	21
24115	 354	22
24117	 362	23
24119	 357	22
24121	 349	21
24123	 342	20
24125	 368	24
24128	 351	21
24130	 363	23
24132	 353	21
24134	 346	20
24136	 341	20
24139	 350	21
24141	 349	21
24143	 333	19
24145	 330	18
24147	 336	19
24150	 348	21
24152	 387	26
24154	 371	24
24156	 388	26
24158	 387	26
24161	 420	31
24163	 486	40
24165	 422	31
24167	 409	29
24169	 443	34
24172	 381	25
24174	 390	27
24176	 352	21
24178	 332	18
24180	 315	16
24182	 324	17
24185	 343	20
24187	 322	17
24189	 324	17
24191	 318	16
24193	 313	16
24196	 314	16
24198	 322	17
24200	 321	17
24202	 309	15
24204	 306	15
24207	 328	18
24209	 326	18
24211	 333	19
24213	 328	18
24215	 308	15
24218	 322	17
24220	 331	18
24222	 321	17
24224	 310	15
24226	 314	16
24229	 321	17
24231	 303	14
24233	 313	16
24235	 326	18
24237	 362	23
24239	 334	19
24242	 352	21
24244	 380	25
24246	 331	18
24248	 381	25
24250	 348	21
24253	 375	25
24255	 358	22
24257	 338	19
24259	 318	16
24261	 331	18
24264	 316	16
24266	 314	16
24268	 315	16
24270	 307	15
24272	 287	12
24275	 314	16
24277	 272	10
24279	 271	10
24281	 261	8
24283	 289	12
24285	 274	10
24288	 299	14
24290	 303	14
24292	 296	13
24294	 269	9
24296	 273	10
24298	 261	8
24301	 271	10
24303	 285	12
24305	 283	11
24307	 247	6
24309	 259	8
24311	 297	13
24314	 275	10
24316	 257	8
24318	 253	7
24320	 255	7
24322	 253	7
24324	 241	5
24326	 237	5
24328	 245	6
24330	 249	7
24333	 241	5
24335	 237	5
24337	 232	4
24339	 237	5
24341	 245	6
24343	 259	8
24345	 251	7
24347	 225	3
24349	 231	4
24351	 236	5
24353	 231	4
24356	 225	3
24358	 233	4
24360	 245	6
24362	 247	6
24364	 257	8
24366	 267	9
24368	 257	8
24370	 245	6
24372	 253	7
24374	 226	3
24377	 233	4
24379	 240	5
24381	 248	6
24383	 249	7
24385	 233	4
24387	 233	4
24389	 215	2
24391	 211	1
24393	 207	1
24395	 207	1
24398	 211	1
24400	 224	3
24402	 224	3
24404	 223	3
24406	 208	1
24408	 215	2
24410	 210	1
24412	 207	1
24414	 202	0
24416	 205	0
24418	 208	1
24421	 202	0
24423	 196	0
24425	 200	0
24427	 198	0
24429	 201	0
24431	 198	0
24433	 202	0
24435	 200	0
24437	 200	0
24439	 198	0
24442	 197	0
24444	 197	0
24446	 194	0
24448	 195	0
24450	 193	-1
24452	 197	0
24454	 197	0
24456	 197	0
24458	 194	0
24460	 193	-1
24463	 194	0
24465	 194	0
24467	 198	0
24469	 196	0
24471	 192	-1
24473	 191	-1
24475	 192	-1
24478	 191	-1
24480	 192	-1
24482	 190	-1
24484	 189	-1
24486	 188	-1
24489	 189	-1
24491	 189	-1
24493	 189	-1
24495	 189	-1
24497	 190	-1
24499	 194	0
24502	 197	0
24504	 194	0
24506	 194	0
24508	 193	-1
24510	 193	-1
24512	 193	-1
24514	 194	0
24517	 190	-1
24519	 192	-1
24521	 190	-1
24523	 190	-1
24525	 190	-1
24527	 190	-1
24530	 190	-1
24532	 190	-1
24534	 190	-1
24536	 191	-1
24538	 188	-1
24541	 185	-2
24543	 185	-2
24545	 185	-2
24547	 183	-2
24549	 183	-2
24551	 186	-2
24554	 199	0
24556	 198	0
24558	 191	-1
24560	 197	0
24562	 199	0
24564	 192	-1
24566	 193	-1
24569	 192	-1
24571	 191	-1
24573	 192	-1
24575	 192	-1
24577	 192	-1
24579	 191	-1
24582	 191	-1
24584	 191	-1
24586	 190	-1
24588	 191	-1
24590	 190	-1
24593	 190	-1
24595	 192	-1
24597	 190	-1
24599	 189	-1
24601	 189	-1
24604	 203	0
24606	 206	0
24608	 221	3
24610	 212	1
24612	 212	1
24614	 218	2
24616	 218	2
24618	 198	0
24620	 190	-1
24622	 189	-1
24625	 188	-1
24627	 185	-2
24629	 188	-1
24631	 187	-1
24633	 194	0
24635	 197	0
24638	 202	0
24640	 206	0
24642	 202	0
24644	 215	2
24646	 212	1
24648	 211	1
24650	 204	0
24652	 203	0
24654	 200	0
24656	 202	0
24658	 203	0
24661	 201	0
24663	 202	0
24665	 200	0
24667	 200	0
24669	 202	0
24671	 206	0
24673	 210	1
24675	 207	1
24677	 210	1
24679	 205	0
24682	 208	1
24684	 219	2
24686	 209	1
24688	 211	1
24690	 200	0
24692	 196	0
24694	 201	0
24696	 195	0
24698	 196	0
24700	 201	0
24702	 211	1
24705	 201	0
24707	 207	1
24709	 204	0
24711	 207	1
24713	 205	0
24715	 210	1
24717	 218	2
24719	 221	3
24721	 221	3
24723	 238	5
24726	 233	4
24728	 231	4
24730	 238	5
24732	 225	3
24734	 226	3
24736	 225	3
24738	 221	3
24740	 221	3
24742	 225	3
24744	 234	4
24746	 239	5
24749	 245	6
24751	 240	5
24753	 229	4
24755	 236	5
24757	 236	5
24759	 233	4
24761	 236	5
24763	 243	6
24765	 246	6
24767	 229	4
24769	 251	7
24772	 257	8
24774	 255	7
24776	 246	6
24778	 247	6
24780	 240	5
24782	 235	5
24784	 229	4
24786	 234	4
24788	 235	5
24790	 237	5
24792	 233	4
24795	 235	5
24797	 243	6
24799	 234	4
24801	 246	6
24803	 261	8
24805	 251	7
24807	 238	5
24809	 242	6
24811	 260	8
24813	 255	7
24815	 256	8
24818	 261	8
24820	 262	8
24822	 261	8
24824	 242	6
24826	 244	6
24828	 243	6
24830	 249	7
24832	 254	7
24834	 253	7
24836	 260	8
24839	 264	9
24841	 260	8
24843	 259	8
24845	 251	7
24847	 254	7
24849	 255	7
24851	 263	9
24853	 270	10
24855	 274	10
24858	 279	11
24860	 261	8
24862	 261	8
24864	 276	10
24866	 271	10
24868	 285	12
24870	 285	12
24873	 298	14
24875	 292	13
24877	 278	11
24879	 281	11
24881	 297	13
24884	 291	13
24886	 280	11
24888	 275	10
24890	 277	11
24892	 278	11
24895	 283	11
24897	 281	11
24899	 284	12
24901	 282	11
24903	 278	11
24905	 279	11
24908	 291	13
24910	 305	15
24912	 331	18
24914	 316	16
24916	 310	15
24919	 310	15
24921	 309	15
24923	 316	16
24925	 320	17
24927	 308	15
24930	 305	15
24932	 312	16
24934	 330	18
24936	 328	18
24938	 327	18
24940	 333	19
24943	 349	21
24945	 329	18
24947	 326	18
24949	 320	17
24951	 326	18
24954	 339	19
24956	 336	19
24958	 358	22
24960	 342	20
24962	 359	22
24965	 347	21
24967	 348	21
24969	 346	20
24971	 381	25
24973	 339	19
24975	 348	21
24978	 341	20
24980	 358	22
24982	 354	22
24984	 358	22
24986	 369	24
24989	 358	22
24991	 362	23
24993	 343	20
24995	 345	20
24997	 344	20
25000	 344	20
25002	 363	23
25004	 358	22
25006	 357	22
25008	 346	20
25010	 343	20
25013	 345	20
25015	 355	22
25017	 386	26
25019	 403	29
25021	 358	22
25024	 360	22
25026	 369	24
25028	 382	26
25030	 422	31
25032	 418	31
25034	 428	32
25037	 421	31
25039	 401	28
25041	 417	31
25043	 411	30
25045	 381	25
25048	 387	26
25050	 376	25
25052	 382	26
25054	 379	25
25056	 387	26
25059	 374	24
25061	 365	23
25063	 359	22
25065	 365	23
25067	 367	23
25069	 393	27
25072	 410	30
25074	 426	32
25076	 374	24
25078	 380	25
25080	 396	28
25083	 388	26
25085	 449	35
25087	 427	32
25089	 440	34
25091	 413	30
25094	 415	30
25096	 427	32
25098	 448	35
25100	 449	35
25102	 465	37
25104	 506	43
25107	 519	45
25109	 492	41
25111	 469	38
25113	 442	34
25115	 438	34
25118	 413	30
25120	 448	35
25122	 463	37
25124	 499	42
25126	 485	40
25129	 431	33
25131	 448	35
25133	 421	31
25135	 447	35
25137	 433	33
25139	 448	35
25142	 450	35
25144	 425	32
25146	 430	32
25148	 443	34
25150	 443	34
25153	 449	35
25155	 441	34
25157	 462	37
25159	 430	32
25161	 451	35
25164	 446	35
25166	 445	35
25168	 474	39
25170	 451	35
25172	 451	35
25174	 459	37
25177	 469	38
25179	 493	41
25181	 448	35
25183	 480	40
25185	 494	42
25188	 473	39
25190	 511	44
25192	 480	40
25194	 452	36
25196	 459	37
25199	 470	38
25201	 461	37
25203	 475	39
25205	 491	41
25207	 483	40
25209	 439	34
25212	 433	33
25214	 434	33
25216	 438	34
25218	 441	34
25220	 448	35
25223	 453	36
25225	 459	37
25227	 462	37
25229	 458	36
25231	 475	39
25234	 474	39
25236	 470	38
25238	 478	39
25240	 464	37
25242	 466	38
25244	 455	36
25247	 455	36
25249	 450	35
25251	 449	35
25253	 454	36
25255	 466	38
25258	 489	41
25260	 471	38
25262	 479	39
25264	 498	42
25266	 525	46
25269	 578	54
25271	 582	54
25273	 579	54
25275	 524	46
25277	 525	46
25279	 507	43
25282	 492	41
25284	 494	42
25286	 489	41
25288	 492	41
25290	 515	45
25293	 515	45
25295	 511	44
25297	 494	42
25299	 489	41
25301	 475	39
25304	 495	42
25306	 508	44
25308	 497	42
25310	 503	43
25312	 519	45
25314	 523	46
25317	 519	45
25319	 523	46
25321	 519	45
25323	 531	47
25325	 514	44
25328	 534	47
25330	 531	47
25332	 513	44
25334	 502	43
25336	 507	43
25339	 502	43
25341	 504	43
25343	 532	47
25345	 539	48
25347	 557	51
25349	 517	45
25352	 539	48
25354	 532	47
25356	 534	47
25358	 547	49
25360	 541	48
25363	 523	46
25365	 520	45
25367	 516	45
25369	 514	44
25371	 540	48
25374	 553	50
25376	 556	50
25378	 545	49
25380	 535	47
25382	 548	49
25384	 540	48
25387	 558	51
25389	 559	51
25391	 553	50
25393	 562	51
25395	 559	51
25398	 548	49
25400	 561	51
25402	 554	50
25404	 564	52
25406	 532	47
25409	 540	48
25411	 539	48
25413	 531	47
25415	 537	48
25417	 548	49
25419	 532	47
25422	 539	48
25424	 562	51
25426	 562	51
25428	 565	52
25430	 572	53
25433	 567	52
25435	 564	52
25437	 555	50
25439	 561	51
25441	 555	50
25444	 550	50
25446	 574	53
25448	 549	49
25450	 552	50
25452	 557	51
25454	 566	52
25457	 577	53
25459	 577	53
25461	 566	52
25463	 569	52
25465	 571	53
25468	 571	53
25470	 596	56
25472	 595	56
25474	 579	54
25476	 579	54
25479	 610	58
25481	 599	57
25483	 605	57
25485	 614	59
25487	 586	55
25489	 593	56
25492	 587	55
25494	 582	54
25496	 576	53
25498	 576	53
25500	 567	52
25503	 567	52
25505	 572	53
25507	 577	53
25509	 576	53
25511	 596	56
25514	 599	57
25516	 605	57
25518	 587	55
25520	 600	57
25522	 595	56
25524	 611	58
25527	 614	59
25529	 608	58
25531	 595	56
25533	 583	54
25535	 581	54
25538	 590	55
25540	 599	57
25542	 610	58
25544	 607	58
25546	 595	56
25549	 593	56
25551	 608	58
25553	 623	60
25555	 606	58
25557	 608	58
25559	 606	58
25562	 608	58
25564	 608	58
25566	 618	59
25568	 622	60
25570	 627	61
25573	 615	59
25575	 624	60
25577	 613	59
25579	 610	58
25581	 608	58
25584	 610	58
25586	 617	59
25588	 637	62
25590	 614	59
25592	 629	61
25594	 663	66
25597	 657	65
25599	 654	64
25601	 649	64
25603	 643	63
25605	 634	62
25608	 610	58
25610	 625	60
25612	 629	61
25614	 633	61
25616	 644	63
25619	 648	64
25621	 625	60
25623	 621	60
25625	 620	60
25627	 637	62
25629	 672	67
25632	 666	66
25634	 692	70
25636	 673	67
25638	 675	67
25640	 670	67
25643	 683	69
25645	 689	69
25647	 660	65
25649	 682	68
25651	 652	64
25654	 667	66
25656	 681	68
25658	 687	69
25660	 707	72
25662	 699	71
25664	 703	71
25667	 689	69
25669	 674	67
25671	 675	67
25673	 670	67
25675	 659	65
25678	 665	66
25680	 658	65
25682	 664	66
25684	 664	66
25686	 681	68
25689	 699	71
25691	 697	71
25693	 702	71
25695	 709	72
25697	 693	70
25699	 686	69
25702	 679	68
25704	 689	69
25706	 695	70
25708	 677	68
25710	 719	74
25713	 709	72
25715	 697	71
25717	 706	72
25719	 721	74
25721	 737	76
25724	 716	73
25726	 713	73
25728	 714	73
25730	 701	71
25732	 705	72
25734	 722	74
25737	 715	73
25739	 711	73
25741	 713	73
25743	 709	72
25745	 695	70
25748	 704	72
25750	 697	71
25752	 704	72
25754	 705	72
25756	 707	72
25759	 718	74
25761	 717	73
25763	 714	73
25765	 742	77
25767	 754	79
25769	 757	79
25772	 783	83
25774	 766	80
25776	 739	77
25778	 728	75
25780	 723	74
25783	 732	76
25785	 716	73
25787	 700	71
25789	 707	72
25791	 718	74
25794	 732	76
25796	 714	73
25798	 713	73
25800	 717	73
25802	 716	73
25804	 723	74
25807	 731	75
25809	 745	77
25811	 739	77
25813	 757	79
25815	 742	77
25818	 746	78
25820	 778	82
25822	 754	79
25824	 749	78
25826	 758	79
25829	 760	80
25831	 758	79
25833	 754	79
25835	 742	77
25837	 749	78
25839	 770	81
25842	 758	79
25844	 750	78
25846	 748	78
25848	 753	79
25850	 743	77
25853	 759	79
25855	 751	78
25857	 745	77
25859	 775	82
25861	 764	80
25864	 771	81
25866	 775	82
25868	 767	81
25870	 783	83
25872	 771	81
25874	 774	82
25877	 773	81
25879	 775	82
25881	 793	84
25883	 794	84
25885	 786	83
25888	 770	81
25890	 775	82
25892	 767	81
25894	 771	81
25896	 785	83
25899	 803	86
25901	 784	83
25903	 779	82
25905	 801	85
25907	 801	85
25909	 801	85
25912	 797	85
25914	 800	85
25916	 826	89
25918	 785	83
25920	 793	84
25923	 796	85
25925	 783	83
25927	 783	83
25929	 783	83
25931	 801	85
25934	 792	84
25936	 797	85
25938	 789	84
25940	 788	84
25942	 785	83
25944	 787	83
25947	 786	83
25949	 787	83
25951	 789	84
25953	 789	84
25955	 787	83
25958	 791	84
25960	 789	84
25962	 798	85
25964	 795	85
25966	 805	86
25969	 803	86
25971	 797	85
25973	 815	87
25975	 810	87
25977	 814	87
25979	 815	87
25982	 800	85
25984	 805	86
25986	 822	88
25988	 814	87
25990	 827	89
25993	 831	90
25995	 816	88
25997	 821	88
25999	 835	90
26001	 829	89
26004	 824	89
26006	 838	91
26008	 833	90
26010	 841	91
26012	 818	88
26014	 835	90
26017	 811	87
26019	 832	90
26021	 834	90
26023	 842	91
26025	 833	90
26028	 835	90
26030	 848	92
26032	 832	90
26034	 830	90
26036	 830	90
26039	 825	89
26041	 824	89
26043	 827	89
26045	 842	91
26047	 839	91
26049	 839	91
26052	 835	90
26054	 834	90
26056	 833	90
26058	 832	90
26060	 835	90
26063	 837	91
26065	 833	90
26067	 832	90
26069	 832	90
26071	 834	90
26074	 842	91
26076	 842	91
26078	 849	92
26080	 839	91
26082	 849	92
26084	 850	92
26087	 854	93
26089	 861	94
26091	 865	95
26093	 862	94
26095	 857	93
26098	 846	92
26100	 853	93
26102	 853	93
26104	 850	92
26106	 854	93
26109	 855	93
26111	 849	92
26113	 853	93
26115	 860	94
26117	 858	94
26119	 858	94
26122	 850	92
26124	 856	93
26126	 859	94
26128	 858	94
26130	 859	94
26133	 855	93
26135	 855	93
26137	 855	93
26139	 854	93
26141	 862	94
26144	 864	94
26146	 867	95
26148	 865	95
26150	 863	94
26152	 865	95
26154	 866	95
26157	 864	94
26159	 861	94
26161	 864	94
26163	 866	95
26165	 867	95
26168	 862	94
26170	 857	93
26172	 859	94
26174	 861	94
26176	 867	95
26179	 865	95
26181	 867	95
26183	 886	98
26185	 878	96
26187	 883	97
26189	 881	97
26192	 886	98
26194	 877	96
26196	 871	95
26198	 884	97
26200	 891	98
26203	 870	95
26205	 867	95
26207	 878	96
26209	 879	97
26211	 882	97
26214	 883	97
26216	 887	98
26218	 883	97
26220	 879	97
26222	 882	97
26224	 893	99
26227	 896	99
26229	 891	98
26231	 903	100
26233	 899	99
26236	 893	99
26238	 903	100
26240	 902	100
26242	 894	99
26245	 898	99
26247	 896	99
26249	 898	99
26251	 897	99
26253	 895	99
26256	 895	99
26258	 901	100
26260	 903	100
26262	 906	100
26265	 901	100
26267	 897	99
26269	 901	100
26271	 904	100
26274	 900	100
26276	 897	99
26278	 898	99
26280	 900	100
26283	 901	100
26285	 901	100
26287	 899	99
26289	 899	99
26292	 897	99
26294	 896	99
26296	 895	99
26298	 895	99
26300	 901	100
26303	 903	100
26305	 895	99
26307	 895	99
26309	 897	99
26312	 899	99
26314	 899	99
26316	 907	101
26318	 902	100
26321	 901	100
26323	 905	100
26325	 906	100
26328	 908	101
26330	 907	101
26332	 899	99
26334	 902	100
26337	 901	100
26339	 899	99
26341	 904	100
26343	 896	99
26346	 904	100
26348	 899	99
26350	 897	99
26352	 896	99
26354	 896	99
26357	 902	100
26359	 897	99
26361	 899	99
26363	 895	99
26366	 897	99
26368	 896	99
26370	 895	99
26372	 901	100
26374	 887	98
26377	 891	98
26379	 901	100
26381	 899	99
26383	 903	100
26386	 903	100
26388	 891	98
26390	 901	100
26392	 891	98
26395	 891	98
26397	 883	97
26399	 889	98
26401	 894	99
26403	 895	99
26406	 892	98
26408	 891	98
26410	 900	100
26412	 897	99
26414	 896	99
26417	 886	98
26419	 886	98
26421	 886	98
26423	 885	97
26425	 879	97
26428	 887	98
26430	 887	98
26432	 883	97
26434	 882	97
26436	 883	97
26439	 885	97
26441	 878	96
26443	 887	98
26445	 879	97
26447	 875	96
26450	 866	95
26452	 871	95
26454	 875	96
26456	 873	96
26458	 867	95
26460	 881	97
26463	 869	95
26465	 868	95
26467	 857	93
26469	 855	93
26471	 839	91
26474	 848	92
26476	 853	93
26478	 851	93
26480	 857	93
26482	 855	93
26485	 851	93
26487	 853	93
26489	 847	92
26491	 849	92
26493	 847	92
26496	 847	92
26498	 852	93
26500	 843	91
26502	 845	92
26504	 845	92
26507	 843	91
26509	 840	91
26511	 832	90
26513	 827	89
26515	 825	89
26517	 827	89
26520	 834	90
26522	 834	90
26524	 839	91
26526	 840	91
26528	 833	90
26531	 832	90
26533	 845	92
26535	 829	89
26537	 829	89
26539	 829	89
26542	 826	89
26544	 830	90
26546	 822	88
26548	 818	88
26550	 827	89
26553	 811	87
26555	 819	88
26557	 827	89
26559	 818	88
26561	 826	89
26564	 829	89
26566	 829	89
26568	 817	88
26570	 809	87
26572	 807	86
26574	 816	88
26577	 823	89
26579	 821	88
26581	 805	86
26583	 809	87
26585	 812	87
26588	 788	84
26590	 791	84
26592	 785	83
26594	 787	83
26596	 783	83
26599	 786	83
26601	 790	84
26603	 792	84
26605	 788	84
26607	 793	84
26610	 783	83
26612	 799	85
26614	 796	85
26616	 789	84
26618	 789	84
26621	 781	83
26623	 776	82
26625	 782	83
26627	 797	85
26629	 820	88
26631	 800	85
26634	 801	85
26636	 774	82
26638	 779	82
26640	 775	82
26642	 782	83
26645	 800	85
26647	 809	87
26649	 803	86
26651	 821	88
26653	 807	86
26656	 769	81
26658	 780	82
26660	 779	82
26662	 774	82
26664	 771	81
26667	 763	80
26669	 753	79
26671	 771	81
26673	 771	81
26675	 773	81
26678	 777	82
26680	 789	84
26682	 785	83
26684	 775	82
26686	 775	82
26688	 763	80
26691	 771	81
26693	 778	82
26695	 749	78
26697	 758	79
26699	 771	81
26702	 767	81
26704	 756	79
26706	 765	80
26708	 759	79
26710	 747	78
26713	 745	77
26715	 746	78
26717	 750	78
26719	 746	78
26721	 737	76
26724	 744	77
26726	 747	78
26728	 747	78
26730	 747	78
26732	 765	80
26735	 757	79
26737	 748	78
26739	 747	78
26741	 755	79
26743	 741	77
26745	 743	77
26748	 758	79
26750	 755	79
26752	 766	80
26754	 757	79
26756	 758	79
26759	 750	78
26761	 729	75
26763	 718	74
26765	 723	74
26767	 719	74
26770	 739	77
26772	 731	75
26774	 731	75
26776	 723	74
26778	 715	73
26781	 733	76
26783	 716	73
26785	 728	75
26787	 709	72
26789	 721	74
26792	 728	75
26794	 735	76
26796	 719	74
26798	 731	75
26800	 724	74
26802	 749	78
26805	 738	76
26807	 731	75
26809	 749	78
26811	 742	77
26813	 755	79
26816	 765	80
26818	 745	77
26820	 750	78
26822	 751	78
26824	 725	75
26827	 718	74
26829	 715	73
26831	 715	73
26833	 711	73
26835	 701	71
26838	 705	72
26840	 701	71
26842	 699	71
26844	 694	70
26846	 702	71
26849	 709	72
26851	 704	72
26853	 706	72
26855	 706	72
26857	 714	73
26859	 701	71
26862	 713	73
26864	 699	71
26866	 679	68
26868	 689	69
26870	 687	69
26873	 682	68
26875	 681	68
26877	 686	69
26879	 689	69
26881	 677	68
26884	 667	66
26886	 675	67
26888	 672	67
26890	 674	67
26892	 670	67
26895	 675	67
26897	 681	68
26899	 687	69
26901	 701	71
26903	 693	70
26906	 669	67
26908	 679	68
26910	 691	70
26912	 675	67
26914	 693	70
26916	 727	75
26919	 662	66
26921	 657	65
26923	 659	65
26925	 656	65
26927	 658	65
26930	 686	69
26932	 662	66
26934	 654	64
26936	 646	63
26938	 649	64
26941	 645	63
26943	 639	62
26945	 642	63
26947	 642	63
26949	 648	64
26952	 658	65
26954	 655	65
26956	 653	64
26958	 651	64
26960	 653	64
26963	 645	63
26965	 643	63
26967	 647	63
26969	 646	63
26971	 664	66
26973	 664	66
26976	 667	66
26978	 664	66
26980	 658	65
26982	 659	65
26984	 666	66
26987	 665	66
26989	 663	66
26991	 655	65
26993	 666	66
26995	 669	67
26998	 657	65
27000	 652	64
27002	 649	64
27004	 642	63
27006	 643	63
27009	 640	62
27011	 646	63
27013	 641	63
27015	 641	63
27017	 642	63
27020	 642	63
27022	 634	62
27024	 629	61
27026	 626	60
27028	 627	61
27030	 627	61
27033	 625	60
27035	 623	60
27037	 626	60
27039	 640	62
27041	 638	62
27044	 641	63
27046	 649	64
27048	 651	64
27050	 643	63
27052	 634	62
27055	 634	62
27057	 636	62
27059	 638	62
27061	 641	63
27063	 641	63
27066	 628	61
27068	 626	60
27070	 627	61
27072	 627	61
27074	 626	60
27077	 629	61
27079	 620	60
27081	 616	59
27083	 612	58
27085	 614	59
27087	 613	59
27090	 621	60
27092	 613	59
27094	 618	59
27096	 627	61
27098	 616	59
27101	 608	58
27103	 611	58
27105	 610	58
27107	 617	59
27109	 623	60
27112	 649	64
27114	 623	60
27116	 626	60
27118	 625	60
27120	 613	59
27123	 614	59
27125	 607	58
27127	 612	58
27129	 604	57
27131	 610	58
27134	 610	58
27136	 609	58
27138	 612	58
27140	 615	59
27142	 608	58
27144	 619	59
27147	 613	59
27149	 600	57
27151	 602	57
27153	 606	58
27155	 612	58
27158	 614	59
27160	 623	60
27162	 631	61
27164	 627	61
27166	 630	61
27169	 617	59
27171	 601	57
27173	 593	56
27175	 579	54
27177	 589	55
27180	 599	57
27182	 586	55
27184	 578	54
27186	 576	53
27188	 587	55
27190	 583	54
27193	 599	57
27195	 584	54
27197	 587	55
27199	 586	55
27201	 583	54
27204	 576	53
27206	 559	51
27208	 560	51
27210	 559	51
27212	 559	51
27215	 558	51
27217	 560	51
27219	 561	51
27221	 562	51
27223	 566	52
27226	 565	52
27228	 567	52
27230	 560	51
27232	 557	51
27234	 558	51
27237	 570	52
27239	 571	53
27241	 574	53
27243	 549	49
27245	 546	49
27247	 559	51
27250	 562	51
27252	 564	52
27254	 550	50
27256	 554	50
27258	 550	50
27261	 549	49
27263	 530	47
27265	 533	47
27267	 535	47
27269	 537	48
27272	 554	50
27274	 548	49
27276	 555	50
27278	 557	51
27280	 551	50
27283	 538	48
27285	 541	48
27287	 533	47
27289	 533	47
27291	 539	48
27294	 535	47
27296	 534	47
27298	 540	48
27300	 523	46
27302	 540	48
27304	 535	47
27307	 540	48
27309	 533	47
27311	 523	46
27313	 526	46
27315	 550	50
27318	 543	49
27320	 579	54
27322	 548	49
27324	 541	48
27326	 558	51
27329	 542	48
27331	 541	48
27333	 538	48
27335	 522	46
27337	 527	46
27340	 515	45
27342	 509	44
27344	 513	44
27346	 515	45
27348	 519	45
27351	 547	49
27353	 527	46
27355	 538	48
27357	 515	45
27359	 507	43
27361	 502	43
27364	 518	45
27366	 499	42
27368	 499	42
27370	 506	43
27372	 498	42
27375	 495	42
27377	 494	42
27379	 487	41
27381	 488	41
27383	 495	42
27386	 493	41
27388	 491	41
27390	 489	41
27392	 485	40
27394	 482	40
27397	 478	39
27399	 490	41
27401	 486	40
27403	 477	39
27405	 506	43
27408	 547	49
27410	 522	46
27412	 494	42
27414	 482	40
27416	 486	40
27419	 481	40
27421	 470	38
27423	 462	37
27425	 471	38
27427	 479	39
27429	 467	38
27432	 453	36
27434	 442	34
27436	 450	35
27438	 451	35
27440	 442	34
27443	 449	35
27445	 461	37
27447	 483	40
27449	 485	40
27451	 467	38
27454	 444	34
27456	 476	39
27458	 470	38
27460	 448	35
27462	 453	36
27465	 474	39
27467	 483	40
27469	 439	34
27471	 437	33
27473	 451	35
27475	 449	35
27478	 447	35
27480	 445	35
27482	 439	34
27484	 428	32
27486	 411	30
27489	 424	32
27491	 426	32
27493	 443	34
27495	 458	36
27497	 460	37
27500	 450	35
27502	 432	33
27504	 449	35
27506	 445	35
27508	 438	34
27511	 443	34
27513	 464	37
27515	 490	41
27517	 482	40
27519	 500	42
27522	 462	37
27524	 499	42
27526	 447	35
27528	 411	30
27530	 422	31
27532	 414	30
27535	 426	32
27537	 402	28
27539	 411	30
27541	 372	24
27543	 367	23
27546	 366	23
27548	 373	24
27550	 387	26
27552	 412	30
27554	 413	30
27557	 412	30
27559	 417	31
27561	 443	34
27563	 451	35
27565	 438	34
27568	 394	27
27570	 372	24
27572	 373	24
27574	 403	29
27576	 439	34
27579	 390	27
27581	 384	26
27583	 383	26
27585	 375	25
27587	 374	24
27589	 371	24
27592	 371	24
27594	 408	29
27596	 423	31
27598	 435	33
27600	 431	33
27603	 408	29
27605	 404	29
27607	 409	29
27609	 383	26
27611	 403	29
27614	 395	27
27616	 371	24
27618	 368	24
27620	 387	26
27622	 367	23
27625	 381	25
27627	 376	25
27629	 355	22
27631	 347	21
27633	 344	20
27636	 351	21
27638	 347	21
27640	 344	20
27642	 345	20
27644	 340	20
27646	 345	20
27649	 343	20
27651	 352	21
27653	 344	20
27655	 351	21
27657	 341	20
27660	 357	22
27662	 349	21
27664	 355	22
27666	 357	22
27668	 343	20
27671	 345	20
27673	 337	19
27675	 337	19
27677	 322	17
27679	 331	18
27682	 365	23
27684	 374	24
27686	 356	22
27688	 356	22
27690	 413	30
27693	 466	38
27695	 437	33
27697	 370	24
27699	 389	27
27701	 404	29
27703	 383	26
27706	 407	29
27708	 365	23
27710	 322	17
27712	 311	15
27714	 325	17
27717	 318	16
27719	 325	17
27721	 330	18
27723	 308	15
27725	 306	15
27728	 319	17
27730	 317	16
27732	 319	17
27734	 309	15
27736	 319	17
27739	 309	15
27741	 327	18
27743	 324	17
27745	 317	16
27747	 333	19
27750	 316	16
27752	 334	19
27754	 323	17
27756	 319	17
27758	 331	18
27760	 334	19
27763	 306	15
27765	 303	14
27767	 321	17
27769	 325	17
27771	 338	19
27774	 349	21
27776	 328	18
27778	 339	19
27780	 369	24
27782	 366	23
27785	 356	22
27787	 382	26
27789	 318	16
27791	 311	15
27793	 304	14
27796	 316	16
27798	 315	16
27800	 318	16
27802	 298	14
27804	 287	12
27807	 285	12
27809	 281	11
27811	 269	9
27813	 266	9
27815	 290	12
27817	 310	15
27819	 291	13
27822	 275	10
27824	 301	14
27826	 283	11
27828	 300	14
27830	 283	11
27833	 255	7
27835	 281	11
27837	 263	9
27839	 256	8
27841	 265	9
27843	 257	8
27845	 247	6
27847	 259	8
27850	 252	7
27852	 240	5
27854	 241	5
27856	 242	6
27858	 235	5
27860	 229	4
27862	 229	4
27864	 233	4
27866	 233	4
27868	 231	4
27870	 228	4
27873	 241	5
27875	 245	6
27877	 244	6
27879	 225	3
27881	 231	4
27883	 232	4
27885	 233	4
27887	 228	4
27889	 225	3
27891	 229	4
27894	 259	8
27896	 259	8
27898	 236	5
27900	 265	9
27902	 255	7
27904	 240	5
27906	 236	5
27908	 221	3
27910	 259	8
27912	 244	6
27915	 249	7
27917	 228	4
27919	 221	3
27921	 217	2
27923	 213	1
27925	 207	1
27927	 212	1
27929	 213	1
27931	 213	1
27933	 211	1
27935	 224	3
27938	 219	2
27940	 199	0
27942	 193	-1
27944	 191	-1
27946	 195	0
27948	 196	0
27950	 199	0
27952	 193	-1
27955	 195	0
27957	 192	-1
27959	 189	-1
27961	 194	0
27963	 192	-1
27965	 196	0
27967	 192	-1
27970	 199	0
27972	 197	0
27974	 192	-1
27976	 192	-1
27978	 192	-1
27980	 193	-1
27983	 190	-1
27985	 190	-1
27987	 194	0
27989	 192	-1
27991	 189	-1
27993	 186	-2
27996	 190	-1
27998	 190	-1
28000	 192	-1
28002	 189	-1
28004	 190	-1
28006	 190	-1
28009	 187	-1
28011	 187	-1
28013	 187	-1
28015	 188	-1
28017	 188	-1
28020	 187	-1
28022	 188	-1
28024	 189	-1
28026	 188	-1
28028	 187	-1
28031	 188	-1
28033	 189	-1
28035	 190	-1
28037	 194	0
28039	 189	-1
28041	 188	-1
28044	 191	-1
28046	 190	-1
28048	 189	-1
28050	 191	-1
28052	 189	-1
28055	 189	-1
28057	 190	-1
28059	 187	-1
28061	 188	-1
28063	 187	-1
28065	 186	-2
28068	 188	-1
28070	 188	-1
28072	 187	-1
28074	 186	-2
28076	 183	-2
28079	 187	-1
28081	 186	-2
28083	 184	-2
28085	 183	-2
28087	 183	-2
28089	 183	-2
28092	 183	-2
28094	 183	-2
28096	 183	-2
28098	 183	-2
28100	 184	-2
28103	 185	-2
28105	 183	-2
28107	 183	-2
28109	 182	-2
28111	 183	-2
28113	 183	-2
28116	 181	-2
28118	 181	-2
28120	 184	-2
28122	 184	-2
28124	 185	-2
28126	 183	-2
28129	 184	-2
28131	 183	-2
28133	 183	-2
28135	 183	-2
28137	 186	-2
28140	 190	-1
28142	 194	0
28144	 203	0
28146	 205	0
28148	 201	0
28150	 208	1
28152	 210	1
28154	 213	1
28156	 206	0
28158	 205	0
28161	 190	-1
28163	 186	-2
28165	 185	-2
28167	 185	-2
28169	 186	-2
28171	 187	-1
28174	 193	-1
28176	 198	0
28178	 198	0
28180	 199	0
28182	 200	0
28184	 202	0
28186	 206	0
28188	 207	1
28191	 207	1
28193	 200	0
28195	 201	0
28197	 200	0
28199	 201	0
28201	 201	0
28203	 201	0
28205	 204	0
28207	 204	0
28209	 210	1
28212	 205	0
28214	 205	0
28216	 205	0
28218	 210	1
28220	 206	0
28222	 207	1
28224	 220	2
28226	 221	3
28228	 204	0
28230	 198	0
28232	 199	0
28235	 194	0
28237	 194	0
28239	 198	0
28241	 206	0
28243	 203	0
28245	 204	0
28247	 202	0
28249	 207	1
28251	 210	1
28253	 206	0
28256	 207	1
28258	 219	2
28260	 217	2
28262	 225	3
28264	 245	6
28266	 246	6
28268	 228	4
28270	 227	3
28272	 223	3
28274	 218	2
28276	 222	3
28279	 216	2
28281	 228	4
28283	 231	4
28285	 229	4
28287	 248	6
28289	 240	5
28291	 236	5
28293	 232	4
28295	 233	4
28297	 241	5
28299	 235	5
28302	 263	9
28304	 243	6
28306	 246	6
28308	 254	7
28310	 245	6
28312	 251	7
28314	 243	6
28316	 249	7
28318	 242	6
28320	 234	4
28322	 232	4
28325	 233	4
28327	 235	5
28329	 235	5
28331	 238	5
28333	 233	4
28335	 237	5
28337	 239	5
28339	 240	5
28341	 252	7
28343	 245	6
28345	 233	4
28348	 243	6
28350	 275	10
28352	 257	8
28354	 253	7
28356	 255	7
28358	 255	7
28360	 246	6
28362	 243	6
28364	 243	6
28366	 247	6
28369	 255	7
28371	 253	7
28373	 259	8
28375	 269	9
28377	 262	8
28379	 270	10
28381	 254	7
28383	 252	7
28385	 256	8
28387	 259	8
28390	 265	9
28392	 278	11
28394	 274	10
28396	 266	9
28398	 265	9
28400	 267	9
28402	 270	10
28405	 276	10
28407	 286	12
28409	 297	13
28411	 283	11
28413	 282	11
28415	 273	10
28418	 285	12
28420	 290	12
28422	 282	11
28424	 278	11
28426	 277	11
28429	 279	11
28431	 283	11
28433	 287	12
28435	 283	11
28437	 285	12
28440	 281	11
28442	 285	12
28444	 285	12
28446	 295	13
28448	 316	16
28450	 324	17
28453	 320	17
28455	 307	15
28457	 304	14
28459	 327	18
28461	 323	17
28464	 313	16
28466	 310	15
28468	 314	16
28470	 327	18
28472	 354	22
28475	 325	17
28477	 319	17
28479	 331	18
28481	 334	19
28483	 319	17
28485	 322	17
28488	 301	14
28490	 322	17
28492	 328	18
28494	 339	19
28496	 352	21
28499	 349	21
28501	 356	22
28503	 343	20
28505	 336	19
28507	 349	21
28510	 338	19
28512	 351	21
28514	 344	20
28516	 377	25
28518	 359	22
28520	 355	22
28523	 368	24
28525	 354	22
28527	 347	21
28529	 339	19
28531	 338	19
28534	 345	20
28536	 343	20
28538	 365	23
28540	 363	23
28542	 354	22
28545	 343	20
28547	 346	20
28549	 343	20
28551	 350	21
28553	 358	22
28555	 390	27
28558	 362	23
28560	 357	22
28562	 363	23
28564	 369	24
28566	 420	31
28569	 418	31
28571	 419	31
28573	 415	30
28575	 416	30
28577	 404	29
28580	 403	29
28582	 402	28
28584	 390	27
28586	 370	24
28588	 375	25
28590	 372	24
28593	 387	26
28595	 371	24
28597	 367	23
28599	 362	23
28601	 361	23
28604	 371	24
28606	 397	28
28608	 387	26
28610	 415	30
28612	 383	26
28615	 379	25
28617	 396	28
28619	 397	28
28621	 413	30
28623	 418	31
28625	 420	31
28628	 420	31
28630	 409	29
28632	 418	31
28634	 433	33
28636	 445	35
28639	 448	35
28641	 525	46
28643	 531	47
28645	 511	44
28647	 493	41
28650	 478	39
28652	 443	34
28654	 443	34
28656	 483	40
28658	 501	43
28660	 499	42
28663	 480	40
28665	 485	40
28667	 458	36
28669	 422	31
28671	 431	33
28674	 429	32
28676	 443	34
28678	 426	32
28680	 436	33
28682	 428	32
28685	 431	33
28687	 450	35
28689	 459	37
28691	 445	35
28693	 460	37
28695	 433	33
28698	 434	33
28700	 434	33
28702	 464	37
28704	 449	35
28706	 457	36
28709	 475	39
28711	 469	38
28713	 458	36
28715	 473	39
28717	 459	37
28720	 459	37
28722	 501	43
28724	 489	41
28726	 498	42
28728	 473	39
28730	 455	36
28733	 454	36
28735	 449	35
28737	 469	38
28739	 459	37
28741	 474	39
28744	 484	40
28746	 443	34
28748	 433	33
28750	 434	33
28752	 435	33
28755	 441	34
28757	 444	34
28759	 451	35
28761	 458	36
28763	 467	38
28765	 463	37
28768	 467	38
28770	 469	38
28772	 475	39
28774	 476	39
28776	 470	38
28779	 478	39
28781	 466	38
28783	 455	36
28785	 454	36
28787	 454	36
28790	 450	35
28792	 470	38
28794	 474	39
28796	 495	42
28798	 486	40
28800	 514	44
28803	 508	44
28805	 588	55
28807	 572	53
28809	 544	49
28811	 533	47
28814	 534	47
28816	 514	44
28818	 505	43
28820	 487	41
28822	 497	42
28825	 487	41
28827	 498	42
28829	 505	43
28831	 495	42
28833	 486	40
28835	 481	40
28838	 475	39
28840	 483	40
28842	 484	40
28844	 498	42
28846	 499	42
28849	 527	46
28851	 524	46
28853	 525	46
28855	 501	43
28857	 517	45
28860	 541	48
28862	 531	47
28864	 541	48
28866	 529	47
28868	 507	43
28870	 495	42
28873	 505	43
28875	 511	44
28877	 495	42
28879	 531	47
28881	 546	49
28884	 532	47
28886	 533	47
28888	 530	47
28890	 522	46
28892	 538	48
28895	 517	45
28897	 525	46
28899	 525	46
28901	 516	45
28903	 517	45
28905	 517	45
28908	 543	49
28910	 534	47
28912	 551	50
28914	 545	49
28916	 544	49
28919	 549	49
28921	 536	48
28923	 564	52
28925	 557	51
28927	 563	51
28930	 546	49
28932	 551	50
28934	 563	51
28936	 559	51
28938	 559	51
28940	 551	50
28943	 541	48
28945	 548	49
28947	 539	48
28949	 534	47
28951	 544	49
28954	 553	50
28956	 530	47
28958	 526	46
28960	 544	49
28962	 567	52
28965	 572	53
28967	 557	51
28969	 574	53
28971	 564	52
28973	 564	52
28975	 576	53
28978	 553	50
28980	 555	50
28982	 553	50
28984	 556	50
28986	 545	49
28989	 553	50
28991	 553	50
28993	 564	52
28995	 578	54
28997	 567	52
29000	 590	55
29002	 562	51
29004	 553	50
29006	 571	53
29008	 573	53
29010	 579	54
29013	 592	56
29015	 602	57
29017	 594	56
29019	 603	57
29021	 590	55
29024	 599	57
29026	 576	53
29028	 595	56
29030	 582	54
29032	 587	55
29035	 574	53
29037	 579	54
29039	 574	53
29041	 577	53
29043	 576	53
29045	 574	53
29048	 590	55
29050	 609	58
29052	 602	57
29054	 599	57
29056	 593	56
29059	 597	56
29061	 624	60
29063	 617	59
29065	 612	58
29067	 612	58
29070	 591	55
29072	 592	56
29074	 632	61
29076	 615	59
29078	 606	58
29080	 586	55
29083	 590	55
29085	 617	59
29087	 603	57
29089	 604	57
29091	 608	58
29094	 602	57
29096	 613	59
29098	 611	58
29100	 609	58
29102	 621	60
29105	 615	59
29107	 627	61
29109	 613	59
29111	 636	62
29113	 619	59
29115	 619	59
29118	 608	58
29120	 610	58
29122	 620	60
29124	 619	59
29126	 616	59
29129	 622	60
29131	 639	62
29133	 645	63
29135	 654	64
29137	 659	65
29140	 654	64
29142	 627	61
29144	 619	59
29146	 619	59
29148	 623	60
29150	 623	60
29153	 634	62
29155	 635	62
29157	 643	63
29159	 651	64
29161	 615	59
29164	 651	64
29166	 626	60
29168	 638	62
29170	 666	66
29172	 689	69
29175	 677	68
29177	 668	66
29179	 671	67
29181	 669	67
29183	 685	69
29185	 661	65
29188	 678	68
29190	 675	67
29192	 653	64
29194	 689	69
29196	 699	71
29199	 704	72
29201	 698	71
29203	 707	72
29205	 679	68
29207	 672	67
29210	 678	68
29212	 667	66
29214	 669	67
29216	 662	66
29218	 662	66
29220	 675	67
29223	 689	69
29225	 680	68
29227	 699	71
29229	 681	68
29231	 706	72
29234	 718	74
29236	 696	70
29238	 672	67
29240	 657	65
29242	 671	67
29245	 672	67
29247	 707	72
29249	 699	71
29251	 697	71
29253	 703	71
29255	 718	74
29258	 739	77
29260	 721	74
29262	 704	72
29264	 711	73
29266	 698	71
29269	 704	72
29271	 721	74
29273	 710	72
29275	 713	73
29277	 719	74
29280	 702	71
29282	 704	72
29284	 703	71
29286	 704	72
29288	 699	71
29290	 701	71
29293	 702	71
29295	 708	72
29297	 710	72
29299	 714	73
29301	 722	74
29304	 741	77
29306	 771	81
29308	 771	81
29310	 757	79
29312	 751	78
29315	 741	77
29317	 709	72
29319	 715	73
29321	 724	74
29323	 709	72
29325	 711	73
29328	 733	76
29330	 725	75
29332	 718	74
29334	 710	72
29336	 710	72
29339	 719	74
29341	 736	76
29343	 731	75
29345	 729	75
29347	 739	77
29350	 763	80
29352	 759	79
29354	 745	77
29356	 741	77
29358	 758	79
29360	 761	80
29363	 742	77
29365	 742	77
29367	 747	78
29369	 759	79
29371	 753	79
29374	 744	77
29376	 754	79
29378	 763	80
29380	 773	81
29382	 739	77
29385	 743	77
29387	 743	77
29389	 750	78
29391	 750	78
29393	 754	79
29395	 766	80
29398	 759	79
29400	 773	81
29402	 762	80
29404	 783	83
29406	 776	82
29409	 787	83
29411	 778	82
29413	 771	81
29415	 766	80
29417	 780	82
29420	 778	82
29422	 778	82
29424	 767	81
29426	 765	80
29428	 770	81
29430	 770	81
29433	 775	82
29435	 775	82
29437	 787	83
29439	 776	82
29441	 797	85
29444	 793	84
29446	 801	85
29448	 794	84
29450	 794	84
29452	 802	86
29455	 792	84
29457	 789	84
29459	 793	84
29461	 793	84
29463	 785	83
29465	 786	83
29468	 805	86
29470	 789	84
29472	 803	86
29474	 795	85
29476	 774	82
29479	 778	82
29481	 785	83
29483	 786	83
29485	 786	83
29487	 783	83
29490	 791	84
29492	 791	84
29494	 794	84
29496	 791	84
29498	 793	84
29500	 795	85
29503	 791	84
29505	 802	86
29507	 809	87
29509	 804	86
29511	 817	88
29514	 809	87
29516	 804	86
29518	 809	87
29520	 802	86
29522	 807	86
29525	 828	89
29527	 832	90
29529	 813	87
29531	 818	88
29533	 837	91
29535	 823	89
29538	 819	88
29540	 823	89
29542	 830	90
29544	 829	89
29546	 816	88
29549	 817	88
29551	 819	88
29553	 822	88
29555	 812	87
29557	 825	89
29560	 826	89
29562	 839	91
29564	 842	91
29566	 833	90
29568	 835	90
29570	 838	91
29573	 825	89
29575	 825	89
29577	 821	88
29579	 823	89
29581	 826	89
29584	 830	90
29586	 837	91
29588	 836	90
29590	 837	91
29592	 835	90
29595	 832	90
29597	 832	90
29599	 834	90
29601	 832	90
29603	 829	89
29605	 832	90
29608	 833	90
29610	 835	90
29612	 839	91
29614	 836	90
29616	 839	91
29619	 847	92
29621	 845	92
29623	 851	93
29625	 859	94
29627	 853	93
29630	 861	94
29632	 853	93
29634	 849	92
29636	 847	92
29638	 843	91
29640	 845	92
29643	 844	92
29645	 846	92
29647	 851	93
29649	 851	93
29651	 853	93
29654	 847	92
29656	 853	93
29658	 854	93
29660	 857	93
29662	 853	93
29665	 856	93
29667	 861	94
29669	 855	93
29671	 861	94
29673	 855	93
29675	 847	92
29678	 858	94
29680	 854	93
29682	 867	95
29684	 866	95
29686	 861	94
29689	 854	93
29691	 858	94
29693	 864	94
29695	 864	94
29697	 859	94
29700	 862	94
29702	 858	94
29704	 869	95
29706	 863	94
29708	 859	94
29710	 858	94
29713	 863	94
29715	 864	94
29717	 862	94
29719	 870	95
29721	 887	98
29724	 894	99
29726	 878	96
29728	 871	95
29730	 870	95
29732	 882	97
29735	 879	97
29737	 885	97
29739	 882	97
29741	 871	95
29743	 875	96
29745	 872	96
29748	 877	96
29750	 881	97
29752	 889	98
29754	 883	97
29756	 879	97
29759	 889	98
29761	 885	97
29763	 886	98
29765	 886	98
29767	 885	97
29770	 883	97
29772	 902	100
29774	 897	99
29776	 902	100
29779	 900	100
29781	 901	100
29783	 901	100
29785	 905	100
29788	 899	99
29790	 905	100
29792	 907	101
29794	 904	100
29797	 919	102
29799	 910	101
29801	 909	101
29804	 905	100
29806	 909	101
29808	 899	99
29810	 897	99
29813	 903	100
29815	 906	100
29817	 911	101
29820	 907	101
29822	 906	100
29824	 902	100
29826	 900	100
29829	 899	99
29831	 896	99
29833	 895	99
29835	 896	99
29837	 892	98
29840	 892	98
29842	 891	98
29844	 889	98
29846	 890	98
29848	 901	100
29851	 912	101
29853	 908	101
29855	 906	100
29858	 896	99
29860	 899	99
29862	 902	100
29864	 903	100
29867	 897	99
29869	 896	99
29871	 896	99
29873	 895	99
29875	 894	99
29878	 895	99
29880	 895	99
29882	 899	99
29884	 900	100
29886	 905	100
29889	 912	101
29891	 906	100
29893	 909	101
29896	 903	100
29898	 900	100
29900	 901	100
29903	 904	100
29905	 908	101
29907	 915	102
29909	 896	99
29912	 893	99
29914	 901	100
29916	 901	100
29918	 900	100
29921	 899	99
29923	 902	100
29925	 905	100
29927	 891	98
29930	 902	100
29932	 891	98
29934	 891	98
29936	 894	99
29939	 891	98
29941	 895	99
29943	 901	100
29945	 904	100
29948	 895	99
29950	 891	98
29952	 890	98
29954	 893	99
29956	 890	98
29959	 893	99
29961	 891	98
29963	 894	99
29965	 890	98
29967	 892	98
29970	 896	99
29972	 888	98
29974	 891	98
29976	 890	98
29978	 885	97
29980	 887	98
29983	 895	99
29985	 886	98
29987	 879	97
29989	 883	97
29991	 879	97
